##############################################
input_filename: data/video/walking_past_camera.mp4
Y.shape: (100, 1080, 1920, 3)
rank: [4, 4, 4, 2]
seed: 0
algorithm: ALS-RS
l2_regularization: 0.001
steps: 10
epsilon: 0.1
delta: 0.1
downsampling_ratio: 1.0
step: 0
loss: 95263773.41397242 RMSE: 0.39132786233915684 time: 10.396162986755371
loss: 67543246.05053301 RMSE: 0.32950942765813923 time: 3.6618900299072266
loss: 51387404.75213367 RMSE: 0.28741221584347887 time: 10.129811763763428
loss: 24300831.469433088 RMSE: 0.19764573508089645 time: 652.3493642807007
num_sampled_rows: 3673274 num_merged_rows: 1829202 ratio: 0.0029404604289176074
loss: 23428124.95914493 RMSE: 0.19406429837019906 time: 297.18819403648376
step: 1
loss: 23380342.789929774 RMSE: 0.19386629818851492 time: 10.299455881118774
loss: 22903804.027714323 RMSE: 0.1918804331097746 time: 3.578030824661255
loss: 22418576.068405677 RMSE: 0.18983701344508355 time: 9.726999521255493
loss: 22411943.953817215 RMSE: 0.1898089315109177 time: 641.7528855800629
num_sampled_rows: 3673274 num_merged_rows: 1831268 ratio: 0.002943781544489394
loss: 22235276.31587268 RMSE: 0.1890593436880392 time: 301.16973662376404
step: 2
loss: 22233296.263062727 RMSE: 0.18905092562716855 time: 10.232750654220581
loss: 22113700.02000154 RMSE: 0.188541773327171 time: 3.5113637447357178
loss: 21980313.507226426 RMSE: 0.1879722854512843 time: 9.777147769927979
