##############################################
input_filename: data/video/walking_past_camera.mp4
Y.shape: (100, 1080, 1920, 3)
rank: [4, 4, 4, 2]
seed: 0
algorithm: ALS
l2_regularization: 0.001
steps: 5
epsilon: 0.1
delta: 0.1
downsampling_ratio: 1.0
step: 0
loss: 95263773.41397242 RMSE: 0.39132786233915684 time: 16.125704288482666
loss: 67543246.05053301 RMSE: 0.32950942765813923 time: 4.388293981552124
loss: 51387404.75213367 RMSE: 0.28741221584347887 time: 8.378373146057129
loss: 24300831.469433088 RMSE: 0.19764573508089645 time: 1363.5832674503326
loss: 23426769.3686557 RMSE: 0.19405868384656175 time: 19112.48542189598
step: 1
loss: 23378751.096281383 RMSE: 0.19385969903361283 time: 8.377374172210693
loss: 22902143.428392746 RMSE: 0.19187347700998408 time: 2.9731504917144775
loss: 22413781.021187283 RMSE: 0.1898167105025622 time: 9.195160627365112
loss: 22407361.68023006 RMSE: 0.18978952665882848 time: 4107.958931922913
