##############################################
input_filename: data/video/walking_past_camera.mp4
Y.shape: (100, 1080, 1920, 3)
rank: [4, 4, 2, 2]
seed: 0
algorithm: ALS
l2_regularization: 0.001
steps: 5
epsilon: 0.1
delta: 0.1
downsampling_ratio: 1.0
step: 0
loss: 84807802.74049076 RMSE: 0.36922813464523196 time: 7.350562572479248
loss: 53770896.19073053 RMSE: 0.29400215785793105 time: 4.736950874328613
loss: 24950528.02035824 RMSE: 0.2002703934319823 time: 9.947213411331177
loss: 24267398.399848603 RMSE: 0.19750972784232482 time: 273.5060818195343
loss: 23416910.582731135 RMSE: 0.1940178462834237 time: 9818.269352674484
step: 1
loss: 23246552.437063187 RMSE: 0.19331081760895116 time: 5.552956819534302
loss: 23009864.31183373 RMSE: 0.19232418882780142 time: 2.563149929046631
loss: 22923195.894325577 RMSE: 0.19196164521976017 time: 8.006603479385376
loss: 22922283.82128193 RMSE: 0.19195782627617958 time: 253.09932899475098
loss: 22874182.356503576 RMSE: 0.19175631272313748 time: 9685.713826179504
step: 2
loss: 22873578.000118457 RMSE: 0.19175377951964065 time: 6.768472909927368
loss: 22855055.19415954 RMSE: 0.19167612360156952 time: 2.570251226425171
loss: 22840171.98595582 RMSE: 0.19161370370779135 time: 9.169145822525024
loss: 22840094.405491095 RMSE: 0.19161337828351666 time: 258.7419183254242
loss: 22833629.89283281 RMSE: 0.19158625985862485 time: 9745.314756155014
step: 3
loss: 22833255.084525768 RMSE: 0.1915846874319733 time: 5.881434679031372
loss: 22829377.171196375 RMSE: 0.19156841773328318 time: 2.6350200176239014
loss: 22826750.684449077 RMSE: 0.1915573975819413 time: 8.663090467453003
loss: 22826737.57393964 RMSE: 0.19155734257158386 time: 245.82268857955933
loss: 22825402.48965035 RMSE: 0.19155174061165994 time: 9775.882061719894
step: 4
loss: 22825325.574551772 RMSE: 0.19155141787401206 time: 5.422770261764526
loss: 22824404.208612096 RMSE: 0.19154755175756563 time: 2.5715603828430176
loss: 22823939.671978842 RMSE: 0.1915456024995096 time: 8.568387031555176
loss: 22823936.664518125 RMSE: 0.19154558987973622 time: 220.04750680923462
