##############################################
input_filename: data/video/walking_past_camera.mp4
Y.shape: (100, 1080, 1920, 3)
rank: [4, 4, 4, 2]
seed: 0
algorithm: ALS
l2_regularization: 0.001
steps: 5
epsilon: 0.1
delta: 0.1
downsampling_ratio: 1.0
step: 0
loss: 95263773.41397242 RMSE: 0.39132786233915684 time: 16.125704288482666
loss: 67543246.05053301 RMSE: 0.32950942765813923 time: 4.388293981552124
loss: 51387404.75213367 RMSE: 0.28741221584347887 time: 8.378373146057129
loss: 24300831.469433088 RMSE: 0.19764573508089645 time: 1363.5832674503326
loss: 23426769.3686557 RMSE: 0.19405868384656175 time: 19112.48542189598
step: 1
loss: 23378751.096281383 RMSE: 0.19385969903361283 time: 8.377374172210693
loss: 22902143.428392746 RMSE: 0.19187347700998408 time: 2.9731504917144775
loss: 22413781.021187283 RMSE: 0.1898167105025622 time: 9.195160627365112
loss: 22407361.68023006 RMSE: 0.18978952665882848 time: 4107.958931922913
loss: 22231004.914822277 RMSE: 0.18904118364689515 time: 19206.35096502304
step: 2
loss: 22229611.477541417 RMSE: 0.18903525901231863 time: 8.728848218917847
loss: 22110903.923146807 RMSE: 0.18852985316626628 time: 3.2970833778381348
loss: 21979385.678832065 RMSE: 0.18796831808602643 time: 8.626746654510498
loss: 21977817.607833527 RMSE: 0.18796161287302002 time: 1849.4760704040527
loss: 21924724.901177153 RMSE: 0.18773444234251652 time: 19073.41775226593
step: 3
loss: 21924612.353965245 RMSE: 0.187733960488918 time: 8.70763611793518
loss: 21896952.12282848 RMSE: 0.18761549993199386 time: 3.332268714904785
loss: 21874097.78399634 RMSE: 0.1875175651237302 time: 8.750499725341797
loss: 21873986.61903891 RMSE: 0.18751708863759498 time: 1322.97345662117
loss: 21866220.133002356 RMSE: 0.18748379616626545 time: 19283.887162923813
step: 4
loss: 21866209.510068364 RMSE: 0.18748375062505573 time: 8.988139867782593
loss: 21862919.070302226 RMSE: 0.18746964376309502 time: 3.338305711746216
loss: 21860086.96263089 RMSE: 0.1874575010247474 time: 9.537951707839966
loss: 21860081.11930306 RMSE: 0.18745747597050796 time: 2405.6029336452484
loss: 21859144.882429123 RMSE: 0.1874534616560245 time: 19170.167902231216
