##############################################
input_filename: data/video/walking_past_camera.mp4
Y.shape: (100, 1080, 1920, 3)
rank: [2, 4, 4, 2]
seed: 0
algorithm: ALS
l2_regularization: 0.001
steps: 5
epsilon: 0.1
delta: 0.1
downsampling_ratio: 1.0
step: 0
loss: 89067313.01337808 RMSE: 0.3783868681645626 time: 11.4854576587677
loss: 47519786.43264514 RMSE: 0.27638477812131546 time: 4.0140604972839355
loss: 25673854.486296017 RMSE: 0.20315261558992112 time: 9.633792400360107
loss: 25188521.566810712 RMSE: 0.20122327787762678 time: 195.26665353775024
loss: 23539660.197595414 RMSE: 0.1945256948200126 time: 9961.987461566925
step: 1
loss: 23465969.12294526 RMSE: 0.19422097411085634 time: 6.9739298820495605
loss: 22751283.782918464 RMSE: 0.19124048407109573 time: 2.5646297931671143
loss: 22195753.92623753 RMSE: 0.1888912459268684 time: 8.747596502304077
loss: 22173869.237147942 RMSE: 0.1887981009569271 time: 147.32840037345886
loss: 22041430.255941555 RMSE: 0.1882334345968107 time: 9879.092069149017
step: 2
loss: 22040293.93086588 RMSE: 0.18822858243598944 time: 7.95125937461853
loss: 21967570.098688114 RMSE: 0.18791778770901052 time: 3.279825448989868
loss: 21918700.22525307 RMSE: 0.1877086468789476 time: 8.402080297470093
loss: 21917885.303659286 RMSE: 0.18770515740991098 time: 165.2432825565338
loss: 21903189.918173265 RMSE: 0.1876422210882284 time: 9942.569217681885
step: 3
loss: 21903151.883585628 RMSE: 0.18764205816909132 time: 8.630488395690918
loss: 21893440.388160158 RMSE: 0.18760045486385077 time: 2.6196987628936768
loss: 21886144.836630933 RMSE: 0.1875691952080175 time: 8.514743089675903
loss: 21886091.735484127 RMSE: 0.18756896766347989 time: 144.56678247451782
loss: 21883754.14255196 RMSE: 0.1875589505346407 time: 9958.380536794662
step: 4
loss: 21883736.461437605 RMSE: 0.187558874764919 time: 7.404032945632935
loss: 21881741.553188264 RMSE: 0.18755032569299368 time: 2.6036217212677
loss: 21880332.70081861 RMSE: 0.18754428789720423 time: 9.369481086730957
loss: 21880324.28173702 RMSE: 0.1875442518156959 time: 156.77912759780884
loss: 21879717.981002238 RMSE: 0.1875416533851622 time: 9955.21228981018
