###################################
2022-05-15 23:38:14.817895
Namespace(ndim=1, rows=1024, cols=64, alg=1, seed=2, l2_regularization=0.001, epsilon=0.1, delta=0.01, alpha=0.01)
K: (1024, 64)
normal_matrix: (64, 64)
pinv_normal: (64, 64)
time: 0.004431121999999954
loss: 3.096052518477138e-05
