###################################
2022-05-15 23:41:54.398534
Namespace(ndim=1, rows=2048, cols=4, alg=1, seed=2, l2_regularization=0.001, epsilon=0.1, delta=0.01, alpha=0.01)
K: (2048, 4)
normal_matrix: (4, 4)
pinv_normal: (4, 4)
time: 0.00041529299999987224
loss: 0.0007658851925975115
