###################################
2022-05-15 23:33:04.387575
Namespace(ndim=1, rows=512, cols=16, alg=1, seed=4, l2_regularization=0.001, epsilon=0.1, delta=0.01, alpha=0.01)
K: (512, 16)
normal_matrix: (16, 16)
pinv_normal: (16, 16)
time: 0.000492731000000024
loss: 9.464254949456639e-05
