###################################
2022-05-16 13:15:06.475137
Namespace(ndim=2, rows=256, cols=32, alg=1, seed=0, l2_regularization=0.001, epsilon=0.1, delta=0.01, alpha=1.0, samples=1028)
K: (65536, 1024)
normal_matrix: (1024, 1024)
pinv_normal: (1024, 1024)
time: 7.035832866000001
loss: 0.0036638179209669414
