###################################
2022-05-15 23:47:55.355245
Namespace(ndim=1, rows=4096, cols=32, alg=1, seed=0, l2_regularization=0.001, epsilon=0.1, delta=0.01, alpha=0.01)
K: (4096, 32)
normal_matrix: (32, 32)
pinv_normal: (32, 32)
time: 0.003906756999999983
loss: 0.00016286859685394665
