###################################
2022-05-15 23:49:30.207802
Namespace(ndim=1, rows=4096, cols=128, alg=1, seed=2, l2_regularization=0.001, epsilon=0.1, delta=0.01, alpha=0.01)
K: (4096, 128)
normal_matrix: (128, 128)
pinv_normal: (128, 128)
time: 0.03685986699999999
loss: 4.0050950944695084e-05
