###################################
2022-05-15 23:25:05.949777
Namespace(ndim=1, rows=128, cols=128, alg=1, seed=0, l2_regularization=0.001, epsilon=0.1, delta=0.01, alpha=0.01)
K: (128, 128)
normal_matrix: (128, 128)
pinv_normal: (128, 128)
time: 0.013534160000000073
loss: 8.807276948453273e-06
