###################################
2022-05-15 23:41:39.199940
Namespace(ndim=1, rows=2048, cols=2, alg=1, seed=0, l2_regularization=0.001, epsilon=0.1, delta=0.01, alpha=0.01)
K: (2048, 2)
normal_matrix: (2, 2)
pinv_normal: (2, 2)
time: 0.00035633699999992885
loss: 0.0014834392512746075
