###################################
2022-05-15 23:28:43.905618
Namespace(ndim=1, rows=256, cols=32, alg=1, seed=3, l2_regularization=0.001, epsilon=0.1, delta=0.01, alpha=0.01)
K: (256, 32)
normal_matrix: (32, 32)
pinv_normal: (32, 32)
time: 0.0007209429999999184
loss: 3.913741394120414e-05
