###################################
2022-05-16 14:41:24.473063
Namespace(ndim=2, rows=2048, cols=4, alg=1, seed=0, l2_regularization=0.001, epsilon=0.1, delta=0.01, alpha=1.0, samples=1028)
K: (4194304, 16)
normal_matrix: (16, 16)
pinv_normal: (16, 16)
time: 0.491533918
loss: 2.1039686835593705
