###################################
2022-05-16 13:14:38.102685
Namespace(ndim=2, rows=512, cols=16, alg=1, seed=0, l2_regularization=0.001, epsilon=0.1, delta=0.01, alpha=1.0, samples=1028)
K: (262144, 256)
normal_matrix: (256, 256)
pinv_normal: (256, 256)
time: 0.548514559
loss: 0.03130914400100683
