###################################
2022-05-15 23:46:56.387471
Namespace(ndim=1, rows=4096, cols=4, alg=1, seed=0, l2_regularization=0.001, epsilon=0.1, delta=0.01, alpha=0.01)
K: (4096, 4)
normal_matrix: (4, 4)
pinv_normal: (4, 4)
time: 0.0005091129999998945
loss: 0.001278261435732467
