###################################
2022-05-15 23:37:11.767369
Namespace(ndim=1, rows=1024, cols=4, alg=1, seed=1, l2_regularization=0.001, epsilon=0.1, delta=0.01, alpha=0.01)
K: (1024, 4)
normal_matrix: (4, 4)
pinv_normal: (4, 4)
time: 0.0004647670000001991
loss: 0.0005041104496740656
