###################################
2022-05-16 13:14:26.797846
Namespace(ndim=2, rows=256, cols=4, alg=1, seed=0, l2_regularization=0.001, epsilon=0.1, delta=0.01, alpha=1.0, samples=1028)
K: (65536, 16)
normal_matrix: (16, 16)
pinv_normal: (16, 16)
time: 0.013238470999999974
loss: 0.03164420484254753
