###################################
2022-05-15 23:23:25.949726
Namespace(ndim=1, rows=128, cols=4, alg=1, seed=2, l2_regularization=0.001, epsilon=0.1, delta=0.01, alpha=0.01)
K: (128, 4)
normal_matrix: (4, 4)
pinv_normal: (4, 4)
time: 0.00033672200000012253
loss: 0.00028473034155500245
