###################################
2022-05-15 23:38:13.778439
Namespace(ndim=1, rows=1024, cols=64, alg=1, seed=0, l2_regularization=0.001, epsilon=0.1, delta=0.01, alpha=0.01)
K: (1024, 64)
normal_matrix: (64, 64)
pinv_normal: (64, 64)
time: 0.003444396999999988
loss: 3.259879006695748e-05
