###################################
2022-05-15 23:34:16.067279
Namespace(ndim=1, rows=512, cols=128, alg=1, seed=1, l2_regularization=0.001, epsilon=0.1, delta=0.01, alpha=0.01)
K: (512, 128)
normal_matrix: (128, 128)
pinv_normal: (128, 128)
time: 0.014099287000000071
loss: 1.2087646616178663e-05
