###################################
2022-05-16 00:51:43.850955
Namespace(ndim=2, rows=128, cols=32, alg=1, seed=1, l2_regularization=0.001, epsilon=0.1, delta=0.01, alpha=0.01)
K: (16384, 1024)
normal_matrix: (1024, 1024)
pinv_normal: (1024, 1024)
time: 6.120996418999999
loss: 0.0006858931986910043
