###################################
2022-05-15 23:37:39.888572
Namespace(ndim=1, rows=1024, cols=16, alg=1, seed=1, l2_regularization=0.001, epsilon=0.1, delta=0.01, alpha=0.01)
K: (1024, 16)
normal_matrix: (16, 16)
pinv_normal: (16, 16)
time: 0.0006145359999998323
loss: 0.00012767200179095463
