###################################
2022-05-16 00:36:49.675004
Namespace(ndim=2, rows=128, cols=2, alg=1, seed=1, l2_regularization=0.001, epsilon=0.1, delta=0.01, alpha=0.01)
K: (16384, 4)
normal_matrix: (4, 4)
pinv_normal: (4, 4)
time: 0.001401157999999958
loss: 0.014965197074852627
