###################################
2022-05-15 23:47:57.504238
Namespace(ndim=1, rows=4096, cols=32, alg=1, seed=4, l2_regularization=0.001, epsilon=0.1, delta=0.01, alpha=0.01)
K: (4096, 32)
normal_matrix: (32, 32)
pinv_normal: (32, 32)
time: 0.003726923999999965
loss: 0.0001564585577215623
