###################################
2022-05-15 23:33:35.674922
Namespace(ndim=1, rows=512, cols=64, alg=1, seed=0, l2_regularization=0.001, epsilon=0.1, delta=0.01, alpha=0.01)
K: (512, 64)
normal_matrix: (64, 64)
pinv_normal: (64, 64)
time: 0.002724806000000024
loss: 2.3999493362164346e-05
