###################################
2022-05-15 23:32:49.355016
Namespace(ndim=1, rows=512, cols=8, alg=1, seed=1, l2_regularization=0.001, epsilon=0.1, delta=0.01, alpha=0.01)
K: (512, 8)
normal_matrix: (8, 8)
pinv_normal: (8, 8)
time: 0.0003939319999999302
loss: 0.00019395525923839756
