###################################
2022-05-15 23:46:41.900866
Namespace(ndim=1, rows=4096, cols=2, alg=1, seed=4, l2_regularization=0.001, epsilon=0.1, delta=0.01, alpha=0.01)
K: (4096, 2)
normal_matrix: (2, 2)
pinv_normal: (2, 2)
time: 0.0004155679999999773
loss: 0.002495175185402039
