###################################
2022-05-15 23:23:54.239603
Namespace(ndim=1, rows=128, cols=16, alg=1, seed=4, l2_regularization=0.001, epsilon=0.1, delta=0.01, alpha=0.01)
K: (128, 16)
normal_matrix: (16, 16)
pinv_normal: (16, 16)
time: 0.00040102399999986105
loss: 6.967180638212467e-05
