###################################
2022-05-15 23:23:26.486385
Namespace(ndim=1, rows=128, cols=4, alg=1, seed=3, l2_regularization=0.001, epsilon=0.1, delta=0.01, alpha=0.01)
K: (128, 4)
normal_matrix: (4, 4)
pinv_normal: (4, 4)
time: 0.00032285099999995737
loss: 0.0002855122586954084
