###################################
2022-05-15 23:24:06.642141
Namespace(ndim=1, rows=128, cols=32, alg=1, seed=0, l2_regularization=0.001, epsilon=0.1, delta=0.01, alpha=0.01)
K: (128, 32)
normal_matrix: (32, 32)
pinv_normal: (32, 32)
time: 0.0006466270000000662
loss: 3.509802341070011e-05
