###################################
2022-05-15 23:25:08.147535
Namespace(ndim=1, rows=128, cols=128, alg=1, seed=4, l2_regularization=0.001, epsilon=0.1, delta=0.01, alpha=0.01)
K: (128, 128)
normal_matrix: (128, 128)
pinv_normal: (128, 128)
time: 0.011530421000000013
loss: 8.637759779261104e-06
