###################################
2022-05-15 23:28:00.450976
Namespace(ndim=1, rows=256, cols=4, alg=1, seed=0, l2_regularization=0.001, epsilon=0.1, delta=0.01, alpha=0.01)
K: (256, 4)
normal_matrix: (4, 4)
pinv_normal: (4, 4)
time: 0.00031471500000002095
loss: 0.00031692828648772234
