###################################
2022-05-15 23:38:55.350891
Namespace(ndim=1, rows=1024, cols=128, alg=1, seed=0, l2_regularization=0.001, epsilon=0.1, delta=0.01, alpha=0.01)
K: (1024, 128)
normal_matrix: (128, 128)
pinv_normal: (128, 128)
time: 0.016309883999999997
loss: 1.567009320036332e-05
