###################################
2022-05-15 23:32:22.696247
Namespace(ndim=1, rows=512, cols=2, alg=1, seed=1, l2_regularization=0.001, epsilon=0.1, delta=0.01, alpha=0.01)
K: (512, 2)
normal_matrix: (2, 2)
pinv_normal: (2, 2)
time: 0.00031126799999992016
loss: 0.0007324379763823364
