###################################
2022-05-15 23:43:47.419940
Namespace(ndim=1, rows=2048, cols=128, alg=1, seed=1, l2_regularization=0.001, epsilon=0.1, delta=0.01, alpha=0.01)
K: (2048, 128)
normal_matrix: (128, 128)
pinv_normal: (128, 128)
time: 0.028430136999999966
loss: 2.4505423693023825e-05
