###################################
2022-05-15 23:53:54.731775
Namespace(ndim=1, rows=8192, cols=8, alg=1, seed=3, l2_regularization=0.001, epsilon=0.1, delta=0.01, alpha=0.01)
K: (8192, 8)
normal_matrix: (8, 8)
pinv_normal: (8, 8)
time: 0.001527687999999916
loss: 0.0011489907016458032
