###################################
2022-05-15 23:33:17.369746
Namespace(ndim=1, rows=512, cols=32, alg=1, seed=1, l2_regularization=0.001, epsilon=0.1, delta=0.01, alpha=0.01)
K: (512, 32)
normal_matrix: (32, 32)
pinv_normal: (32, 32)
time: 0.0009023899999998086
loss: 4.7336198486090853e-05
