###################################
2022-05-15 23:24:27.945354
Namespace(ndim=1, rows=128, cols=64, alg=1, seed=4, l2_regularization=0.001, epsilon=0.1, delta=0.01, alpha=0.01)
K: (128, 64)
normal_matrix: (64, 64)
pinv_normal: (64, 64)
time: 0.0022306979999999754
loss: 1.752790818349206e-05
