###################################
2022-05-15 23:47:15.073077
Namespace(ndim=1, rows=4096, cols=8, alg=1, seed=2, l2_regularization=0.001, epsilon=0.1, delta=0.01, alpha=0.01)
K: (4096, 8)
normal_matrix: (8, 8)
pinv_normal: (8, 8)
time: 0.0007627960000000655
loss: 0.0006252150945001663
