###################################
2022-05-16 14:39:15.617422
Namespace(ndim=2, rows=16384, cols=2, alg=1, seed=0, l2_regularization=0.001, epsilon=0.1, delta=0.01, alpha=1.0, samples=1028)
K: (268435456, 4)
normal_matrix: (4, 4)
pinv_normal: (4, 4)
time: 7.6908684449999996
loss: 267.5176139515914
