###################################
2022-05-15 23:46:40.282117
Namespace(ndim=1, rows=4096, cols=2, alg=1, seed=1, l2_regularization=0.001, epsilon=0.1, delta=0.01, alpha=0.01)
K: (4096, 2)
normal_matrix: (2, 2)
pinv_normal: (2, 2)
time: 0.00040974600000009964
loss: 0.0024919837271813227
