###################################
2022-05-15 23:43:03.763958
Namespace(ndim=1, rows=2048, cols=64, alg=1, seed=4, l2_regularization=0.001, epsilon=0.1, delta=0.01, alpha=0.01)
K: (2048, 64)
normal_matrix: (64, 64)
pinv_normal: (64, 64)
time: 0.006358305999999869
loss: 4.63239520848786e-05
