###################################
2022-05-16 00:22:38.683294
Namespace(ndim=1, rows=16384, cols=128, alg=1, seed=4, l2_regularization=0.001, epsilon=0.1, delta=0.01, alpha=0.01)
K: (16384, 128)
normal_matrix: (128, 128)
pinv_normal: (128, 128)
time: 0.19659795200000008
loss: 0.00013363787251106614
