###################################
2022-05-15 23:54:29.874408
Namespace(ndim=1, rows=8192, cols=16, alg=1, seed=1, l2_regularization=0.001, epsilon=0.1, delta=0.01, alpha=0.01)
K: (8192, 16)
normal_matrix: (16, 16)
pinv_normal: (16, 16)
time: 0.0029168840000000085
loss: 0.0005690819173796196
