###################################
2022-05-16 20:22:57.744276
Namespace(ndim=2, rows=2500, cols=30, alg=1, seed=0, l2_regularization=0.001, epsilon=0.1, delta=0.01, alpha=1.0, samples=1028)
K: (6250000, 900)
normal_matrix: (900, 900)
pinv_normal: (900, 900)
time: 37.268653452
loss: 0.41163459380592243
