###################################
2022-05-16 13:14:28.619307
Namespace(ndim=2, rows=256, cols=8, alg=1, seed=0, l2_regularization=0.001, epsilon=0.1, delta=0.01, alpha=1.0, samples=1028)
K: (65536, 64)
normal_matrix: (64, 64)
pinv_normal: (64, 64)
time: 0.034859425000000055
loss: 0.015104858548519628
