###################################
2022-05-16 21:27:38.833489
Namespace(ndim=2, rows=2500, cols=30, alg=1, seed=1, l2_regularization=0.001, epsilon=0.1, delta=0.01, alpha=1.0, samples=1028)
K: (6250000, 900)
normal_matrix: (900, 900)
pinv_normal: (900, 900)
time: 36.100241241000006
loss: 0.41086334528507656
