###################################
2022-05-16 13:15:54.378376
Namespace(ndim=2, rows=1024, cols=2, alg=1, seed=0, l2_regularization=0.001, epsilon=0.1, delta=0.01, alpha=1.0, samples=1028)
K: (1048576, 4)
normal_matrix: (4, 4)
pinv_normal: (4, 4)
time: 0.0360470519999998
loss: 1.0068359839968664
