###################################
2022-05-16 15:14:25.454308
Namespace(ndim=2, rows=2048, cols=32, alg=1, seed=0, l2_regularization=0.001, epsilon=0.1, delta=0.01, alpha=1.0, samples=1028)
K: (4194304, 1024)
normal_matrix: (1024, 1024)
pinv_normal: (1024, 1024)
time: 31.499622663
loss: 0.2660625400506544
