###################################
2022-05-15 23:47:35.168263
Namespace(ndim=1, rows=4096, cols=16, alg=1, seed=4, l2_regularization=0.001, epsilon=0.1, delta=0.01, alpha=0.01)
K: (4096, 16)
normal_matrix: (16, 16)
pinv_normal: (16, 16)
time: 0.0013032820000000722
loss: 0.00031533644069695114
