###################################
2022-05-15 23:33:36.723992
Namespace(ndim=1, rows=512, cols=64, alg=1, seed=2, l2_regularization=0.001, epsilon=0.1, delta=0.01, alpha=0.01)
K: (512, 64)
normal_matrix: (64, 64)
pinv_normal: (64, 64)
time: 0.0027938100000000077
loss: 2.3524761311294402e-05
