###################################
2022-05-16 21:26:51.892574
Namespace(ndim=2, rows=2500, cols=10, alg=1, seed=2, l2_regularization=0.001, epsilon=0.1, delta=0.01, alpha=1.0, samples=1028)
K: (6250000, 100)
normal_matrix: (100, 100)
pinv_normal: (100, 100)
time: 4.127261188
loss: 1.2572552102442407
