###################################
2022-05-15 23:42:23.612427
Namespace(ndim=1, rows=2048, cols=16, alg=1, seed=2, l2_regularization=0.001, epsilon=0.1, delta=0.01, alpha=0.01)
K: (2048, 16)
normal_matrix: (16, 16)
pinv_normal: (16, 16)
time: 0.0008428039999999193
loss: 0.0001856089474054812
