###################################
2022-05-15 23:23:53.179931
Namespace(ndim=1, rows=128, cols=16, alg=1, seed=2, l2_regularization=0.001, epsilon=0.1, delta=0.01, alpha=0.01)
K: (128, 16)
normal_matrix: (16, 16)
pinv_normal: (16, 16)
time: 0.00039504700000003723
loss: 7.102746019466395e-05
