###################################
2022-05-16 00:05:36.266546
Namespace(ndim=1, rows=16384, cols=4, alg=1, seed=4, l2_regularization=0.001, epsilon=0.1, delta=0.01, alpha=0.01)
K: (16384, 4)
normal_matrix: (4, 4)
pinv_normal: (4, 4)
time: 0.0010448190000000857
loss: 0.0043845075983737145
