###################################
2022-05-15 23:58:39.726466
Namespace(ndim=1, rows=8192, cols=128, alg=1, seed=4, l2_regularization=0.001, epsilon=0.1, delta=0.01, alpha=0.01)
K: (8192, 128)
normal_matrix: (128, 128)
pinv_normal: (128, 128)
time: 0.08898514400000002
loss: 6.948650511035004e-05
