###################################
2022-05-15 23:58:37.234757
Namespace(ndim=1, rows=8192, cols=128, alg=1, seed=0, l2_regularization=0.001, epsilon=0.1, delta=0.01, alpha=0.01)
K: (8192, 128)
normal_matrix: (128, 128)
pinv_normal: (128, 128)
time: 0.08746629299999986
loss: 7.061900174403377e-05
