###################################
2022-05-16 20:21:49.714726
Namespace(ndim=2, rows=1000, cols=40, alg=1, seed=0, l2_regularization=0.001, epsilon=0.1, delta=0.01, alpha=1.0, samples=1028)
K: (1000000, 1600)
normal_matrix: (1600, 1600)
pinv_normal: (1600, 1600)
time: 24.231366317
loss: 0.04806586638787215
