###################################
2022-05-16 15:53:32.885089
Namespace(ndim=2, rows=16384, cols=4, alg=1, seed=0, l2_regularization=0.001, epsilon=0.1, delta=0.01, alpha=1.0, samples=1028)
K: (268435456, 16)
normal_matrix: (16, 16)
pinv_normal: (16, 16)
time: 30.368239404
loss: 133.9359006310019
