###################################
2022-05-15 23:48:27.891241
Namespace(ndim=1, rows=4096, cols=64, alg=1, seed=2, l2_regularization=0.001, epsilon=0.1, delta=0.01, alpha=0.01)
K: (4096, 64)
normal_matrix: (64, 64)
pinv_normal: (64, 64)
time: 0.010404752999999989
loss: 7.708285333400882e-05
