###################################
2022-05-16 21:27:00.672890
Namespace(ndim=2, rows=2500, cols=20, alg=1, seed=1, l2_regularization=0.001, epsilon=0.1, delta=0.01, alpha=1.0, samples=1028)
K: (6250000, 400)
normal_matrix: (400, 400)
pinv_normal: (400, 400)
time: 16.02177777
loss: 0.6198713006760697
