###################################
2022-05-15 23:46:58.024178
Namespace(ndim=1, rows=4096, cols=4, alg=1, seed=3, l2_regularization=0.001, epsilon=0.1, delta=0.01, alpha=0.01)
K: (4096, 4)
normal_matrix: (4, 4)
pinv_normal: (4, 4)
time: 0.0005077600000000793
loss: 0.0012447734757438955
