###################################
2022-05-15 23:47:55.899157
Namespace(ndim=1, rows=4096, cols=32, alg=1, seed=1, l2_regularization=0.001, epsilon=0.1, delta=0.01, alpha=0.01)
K: (4096, 32)
normal_matrix: (32, 32)
pinv_normal: (32, 32)
time: 0.0035524850000001607
loss: 0.00015908487153286994
