###################################
2022-05-15 23:46:56.919274
Namespace(ndim=1, rows=4096, cols=4, alg=1, seed=1, l2_regularization=0.001, epsilon=0.1, delta=0.01, alpha=0.01)
K: (4096, 4)
normal_matrix: (4, 4)
pinv_normal: (4, 4)
time: 0.0006287629999999211
loss: 0.0012461166961344515
