###################################
2022-05-15 23:29:43.075291
Namespace(ndim=1, rows=256, cols=128, alg=1, seed=4, l2_regularization=0.001, epsilon=0.1, delta=0.01, alpha=0.01)
K: (256, 128)
normal_matrix: (128, 128)
pinv_normal: (128, 128)
time: 0.01242397499999992
loss: 9.556472494066464e-06
