###################################
2022-05-15 23:28:02.568666
Namespace(ndim=1, rows=256, cols=4, alg=1, seed=4, l2_regularization=0.001, epsilon=0.1, delta=0.01, alpha=0.01)
K: (256, 4)
normal_matrix: (4, 4)
pinv_normal: (4, 4)
time: 0.00032891200000007004
loss: 0.0003088071443986017
