###################################
2022-05-16 00:05:34.216159
Namespace(ndim=1, rows=16384, cols=4, alg=1, seed=0, l2_regularization=0.001, epsilon=0.1, delta=0.01, alpha=0.01)
K: (16384, 4)
normal_matrix: (4, 4)
pinv_normal: (4, 4)
time: 0.0010674370000001154
loss: 0.004332427947186639
