###################################
2022-05-15 23:29:42.485182
Namespace(ndim=1, rows=256, cols=128, alg=1, seed=3, l2_regularization=0.001, epsilon=0.1, delta=0.01, alpha=0.01)
K: (256, 128)
normal_matrix: (128, 128)
pinv_normal: (128, 128)
time: 0.012377155000000029
loss: 9.801599881114919e-06
