###################################
2022-05-16 21:42:48.364951
Namespace(ndim=2, rows=2500, cols=40, alg=1, seed=2, l2_regularization=0.001, epsilon=0.1, delta=0.01, alpha=1.0, samples=1028)
K: (6250000, 1600)
normal_matrix: (1600, 1600)
pinv_normal: (1600, 1600)
time: 258.169606066
loss: 0.29701860674049424
