###################################
2022-05-15 23:23:25.384475
Namespace(ndim=1, rows=128, cols=4, alg=1, seed=1, l2_regularization=0.001, epsilon=0.1, delta=0.01, alpha=0.01)
K: (128, 4)
normal_matrix: (4, 4)
pinv_normal: (4, 4)
time: 0.0003429289999998808
loss: 0.0002792310758220136
