###################################
2022-05-16 21:15:20.462707
Namespace(ndim=2, rows=10000, cols=10, alg=1, seed=0, l2_regularization=0.001, epsilon=0.1, delta=0.01, alpha=1.0, samples=1028)
K: (100000000, 100)
normal_matrix: (100, 100)
pinv_normal: (100, 100)
time: 212.261300586
loss: 19.401853442025075
