###################################
2022-05-15 23:28:13.809763
Namespace(ndim=1, rows=256, cols=8, alg=1, seed=0, l2_regularization=0.001, epsilon=0.1, delta=0.01, alpha=0.01)
K: (256, 8)
normal_matrix: (8, 8)
pinv_normal: (8, 8)
time: 0.00035520799999999575
loss: 0.00015258879759121838
