###################################
2022-05-16 00:37:57.231445
Namespace(ndim=2, rows=128, cols=16, alg=1, seed=0, l2_regularization=0.001, epsilon=0.1, delta=0.01, alpha=0.01)
K: (16384, 256)
normal_matrix: (256, 256)
pinv_normal: (256, 256)
time: 0.141580555
loss: 0.001892839971988394
