###################################
2022-05-16 14:38:43.423114
Namespace(ndim=2, rows=8192, cols=2, alg=1, seed=0, l2_regularization=0.001, epsilon=0.1, delta=0.01, alpha=1.0, samples=1028)
K: (67108864, 4)
normal_matrix: (4, 4)
pinv_normal: (4, 4)
time: 2.102706177
loss: 67.08410777585907
