###################################
2022-05-15 23:28:28.566875
Namespace(ndim=1, rows=256, cols=16, alg=1, seed=2, l2_regularization=0.001, epsilon=0.1, delta=0.01, alpha=0.01)
K: (256, 16)
normal_matrix: (16, 16)
pinv_normal: (16, 16)
time: 0.0005097450000000059
loss: 7.960538891779828e-05
