###################################
2022-05-15 23:43:03.232109
Namespace(ndim=1, rows=2048, cols=64, alg=1, seed=3, l2_regularization=0.001, epsilon=0.1, delta=0.01, alpha=0.01)
K: (2048, 64)
normal_matrix: (64, 64)
pinv_normal: (64, 64)
time: 0.006417416999999981
loss: 4.775187108485645e-05
