###################################
2022-05-15 23:23:53.717003
Namespace(ndim=1, rows=128, cols=16, alg=1, seed=3, l2_regularization=0.001, epsilon=0.1, delta=0.01, alpha=0.01)
K: (128, 16)
normal_matrix: (16, 16)
pinv_normal: (16, 16)
time: 0.0004095630000000572
loss: 7.055120179903034e-05
