###################################
2022-05-15 23:46:39.756802
Namespace(ndim=1, rows=4096, cols=2, alg=1, seed=0, l2_regularization=0.001, epsilon=0.1, delta=0.01, alpha=0.01)
K: (4096, 2)
normal_matrix: (2, 2)
pinv_normal: (2, 2)
time: 0.00040907700000003544
loss: 0.0024790221399145405
