###################################
2022-05-15 23:29:01.480513
Namespace(ndim=1, rows=256, cols=64, alg=1, seed=0, l2_regularization=0.001, epsilon=0.1, delta=0.01, alpha=0.01)
K: (256, 64)
normal_matrix: (64, 64)
pinv_normal: (64, 64)
time: 0.0022968649999999258
loss: 1.9093546093334407e-05
