###################################
2022-05-15 23:56:27.428487
Namespace(ndim=1, rows=8192, cols=64, alg=1, seed=1, l2_regularization=0.001, epsilon=0.1, delta=0.01, alpha=0.01)
K: (8192, 64)
normal_matrix: (64, 64)
pinv_normal: (64, 64)
time: 0.01937656600000004
loss: 0.00014462735125972653
