###################################
2022-05-16 13:16:06.474116
Namespace(ndim=2, rows=1024, cols=32, alg=1, seed=0, l2_regularization=0.001, epsilon=0.1, delta=0.01, alpha=1.0, samples=1028)
K: (1048576, 1024)
normal_matrix: (1024, 1024)
pinv_normal: (1024, 1024)
time: 13.627337981
loss: 0.06711102729838071
