###################################
2022-05-16 21:57:18.800090
Namespace(ndim=2, rows=5000, cols=20, alg=1, seed=1, l2_regularization=0.001, epsilon=0.1, delta=0.01, alpha=1.0, samples=1028)
K: (25000000, 400)
normal_matrix: (400, 400)
pinv_normal: (400, 400)
time: 305.825437535
loss: 2.5177851566336886
