###################################
2022-05-16 00:36:51.277944
Namespace(ndim=2, rows=128, cols=2, alg=1, seed=4, l2_regularization=0.001, epsilon=0.1, delta=0.01, alpha=0.01)
K: (16384, 4)
normal_matrix: (4, 4)
pinv_normal: (4, 4)
time: 0.0012048220000000498
loss: 0.013606844720393897
