###################################
2022-05-15 23:52:53.819619
Namespace(ndim=1, rows=8192, cols=2, alg=1, seed=1, l2_regularization=0.001, epsilon=0.1, delta=0.01, alpha=0.01)
K: (8192, 2)
normal_matrix: (2, 2)
pinv_normal: (2, 2)
time: 0.000503482000000055
loss: 0.004492667837027833
