###################################
2022-05-15 23:36:57.498511
Namespace(ndim=1, rows=1024, cols=2, alg=1, seed=0, l2_regularization=0.001, epsilon=0.1, delta=0.01, alpha=0.01)
K: (1024, 2)
normal_matrix: (2, 2)
pinv_normal: (2, 2)
time: 0.00035587799999992065
loss: 0.0009833218385787057
