###################################
2022-05-15 23:38:14.293102
Namespace(ndim=1, rows=1024, cols=64, alg=1, seed=1, l2_regularization=0.001, epsilon=0.1, delta=0.01, alpha=0.01)
K: (1024, 64)
normal_matrix: (64, 64)
pinv_normal: (64, 64)
time: 0.0034941909999999243
loss: 3.2043694114515524e-05
