###################################
2022-05-15 23:42:41.478380
Namespace(ndim=1, rows=2048, cols=32, alg=1, seed=4, l2_regularization=0.001, epsilon=0.1, delta=0.01, alpha=0.01)
K: (2048, 32)
normal_matrix: (32, 32)
pinv_normal: (32, 32)
time: 0.0017649299999999979
loss: 9.324932613596478e-05
