###################################
2022-05-15 23:48:28.949587
Namespace(ndim=1, rows=4096, cols=64, alg=1, seed=4, l2_regularization=0.001, epsilon=0.1, delta=0.01, alpha=0.01)
K: (4096, 64)
normal_matrix: (64, 64)
pinv_normal: (64, 64)
time: 0.013280769000000081
loss: 7.796605166432796e-05
