###################################
2022-05-16 20:22:32.044155
Namespace(ndim=2, rows=2500, cols=10, alg=1, seed=0, l2_regularization=0.001, epsilon=0.1, delta=0.01, alpha=1.0, samples=1028)
K: (6250000, 100)
normal_matrix: (100, 100)
pinv_normal: (100, 100)
time: 4.034410365
loss: 1.2182257060114352
