###################################
2022-05-15 23:43:48.565481
Namespace(ndim=1, rows=2048, cols=128, alg=1, seed=3, l2_regularization=0.001, epsilon=0.1, delta=0.01, alpha=0.01)
K: (2048, 128)
normal_matrix: (128, 128)
pinv_normal: (128, 128)
time: 0.02565010099999987
loss: 2.3891744789947223e-05
