###################################
2022-05-16 00:07:12.118520
Namespace(ndim=1, rows=16384, cols=8, alg=1, seed=4, l2_regularization=0.001, epsilon=0.1, delta=0.01, alpha=0.01)
K: (16384, 8)
normal_matrix: (8, 8)
pinv_normal: (8, 8)
time: 0.002717619999999865
loss: 0.002161416880482078
