###################################
2022-05-16 00:37:58.554508
Namespace(ndim=2, rows=128, cols=16, alg=1, seed=2, l2_regularization=0.001, epsilon=0.1, delta=0.01, alpha=0.01)
K: (16384, 256)
normal_matrix: (256, 256)
pinv_normal: (256, 256)
time: 0.11089882699999998
loss: 0.001999739791748279
