###################################
2022-05-16 13:14:34.300593
Namespace(ndim=2, rows=512, cols=4, alg=1, seed=0, l2_regularization=0.001, epsilon=0.1, delta=0.01, alpha=1.0, samples=1028)
K: (262144, 16)
normal_matrix: (16, 16)
pinv_normal: (16, 16)
time: 0.034682744000000154
loss: 0.13079464339660737
