###################################
2022-05-15 23:36:58.571201
Namespace(ndim=1, rows=1024, cols=2, alg=1, seed=2, l2_regularization=0.001, epsilon=0.1, delta=0.01, alpha=0.01)
K: (1024, 2)
normal_matrix: (2, 2)
pinv_normal: (2, 2)
time: 0.000320998999999933
loss: 0.0009852183484022592
