###################################
2022-05-15 23:28:44.438702
Namespace(ndim=1, rows=256, cols=32, alg=1, seed=4, l2_regularization=0.001, epsilon=0.1, delta=0.01, alpha=0.01)
K: (256, 32)
normal_matrix: (32, 32)
pinv_normal: (32, 32)
time: 0.0007270069999998352
loss: 3.9541180118125445e-05
