###################################
2022-05-15 23:41:39.726062
Namespace(ndim=1, rows=2048, cols=2, alg=1, seed=1, l2_regularization=0.001, epsilon=0.1, delta=0.01, alpha=0.01)
K: (2048, 2)
normal_matrix: (2, 2)
pinv_normal: (2, 2)
time: 0.0005149329999998287
loss: 0.0014881285927022126
