###################################
2022-05-15 23:29:40.856515
Namespace(ndim=1, rows=256, cols=128, alg=1, seed=0, l2_regularization=0.001, epsilon=0.1, delta=0.01, alpha=0.01)
K: (256, 128)
normal_matrix: (128, 128)
pinv_normal: (128, 128)
time: 0.01210261300000015
loss: 9.821781242803503e-06
