###################################
2022-05-15 23:53:24.336396
Namespace(ndim=1, rows=8192, cols=4, alg=1, seed=4, l2_regularization=0.001, epsilon=0.1, delta=0.01, alpha=0.01)
K: (8192, 4)
normal_matrix: (4, 4)
pinv_normal: (4, 4)
time: 0.0007245430000000219
loss: 0.0023011901045793
