###################################
2022-05-15 23:46:41.357685
Namespace(ndim=1, rows=4096, cols=2, alg=1, seed=3, l2_regularization=0.001, epsilon=0.1, delta=0.01, alpha=0.01)
K: (4096, 2)
normal_matrix: (2, 2)
pinv_normal: (2, 2)
time: 0.0004173390000001831
loss: 0.0024794122120551255
