###################################
2022-05-16 00:37:17.651439
Namespace(ndim=2, rows=128, cols=8, alg=1, seed=1, l2_regularization=0.001, epsilon=0.1, delta=0.01, alpha=0.01)
K: (16384, 64)
normal_matrix: (64, 64)
pinv_normal: (64, 64)
time: 0.009649017000000093
loss: 0.004449731629533566
