###################################
2022-05-16 14:20:19.548061
Namespace(ndim=2, rows=512, cols=64, alg=1, seed=0, l2_regularization=0.001, epsilon=0.1, delta=0.01, alpha=1.0, samples=1028)
K: (262144, 4096)
normal_matrix: (4096, 4096)
pinv_normal: (4096, 4096)
time: 970.6558237769999
loss: 0.007766024933592382
