###################################
2022-05-15 23:24:26.292434
Namespace(ndim=1, rows=128, cols=64, alg=1, seed=1, l2_regularization=0.001, epsilon=0.1, delta=0.01, alpha=0.01)
K: (128, 64)
normal_matrix: (64, 64)
pinv_normal: (64, 64)
time: 0.002106249999999976
loss: 1.7519622854581062e-05
