###################################
2022-05-16 00:15:39.347206
Namespace(ndim=1, rows=16384, cols=64, alg=1, seed=0, l2_regularization=0.001, epsilon=0.1, delta=0.01, alpha=0.01)
K: (16384, 64)
normal_matrix: (64, 64)
pinv_normal: (64, 64)
time: 0.04021572900000003
loss: 0.000270074998150477
