###################################
2022-05-16 00:07:11.037389
Namespace(ndim=1, rows=16384, cols=8, alg=1, seed=2, l2_regularization=0.001, epsilon=0.1, delta=0.01, alpha=0.01)
K: (16384, 8)
normal_matrix: (8, 8)
pinv_normal: (8, 8)
time: 0.002572264000000102
loss: 0.0021789782343875287
