###################################
2022-05-15 23:33:16.836183
Namespace(ndim=1, rows=512, cols=32, alg=1, seed=0, l2_regularization=0.001, epsilon=0.1, delta=0.01, alpha=0.01)
K: (512, 32)
normal_matrix: (32, 32)
pinv_normal: (32, 32)
time: 0.0008511270000000071
loss: 4.747497166787715e-05
