###################################
2022-05-15 23:24:26.857664
Namespace(ndim=1, rows=128, cols=64, alg=1, seed=2, l2_regularization=0.001, epsilon=0.1, delta=0.01, alpha=0.01)
K: (128, 64)
normal_matrix: (64, 64)
pinv_normal: (64, 64)
time: 0.003724609999999906
loss: 1.7994165174122946e-05
