###################################
2022-05-15 23:34:16.645624
Namespace(ndim=1, rows=512, cols=128, alg=1, seed=2, l2_regularization=0.001, epsilon=0.1, delta=0.01, alpha=0.01)
K: (512, 128)
normal_matrix: (128, 128)
pinv_normal: (128, 128)
time: 0.013972560000000023
loss: 1.1811536057077028e-05
