###################################
2022-05-16 13:16:00.995618
Namespace(ndim=2, rows=1024, cols=16, alg=1, seed=0, l2_regularization=0.001, epsilon=0.1, delta=0.01, alpha=1.0, samples=1028)
K: (1048576, 256)
normal_matrix: (256, 256)
pinv_normal: (256, 256)
time: 1.8994204430000001
loss: 0.1306305833968378
