###################################
2022-05-15 23:36:59.095452
Namespace(ndim=1, rows=1024, cols=2, alg=1, seed=3, l2_regularization=0.001, epsilon=0.1, delta=0.01, alpha=0.01)
K: (1024, 2)
normal_matrix: (2, 2)
pinv_normal: (2, 2)
time: 0.00033519300000017793
loss: 0.0010228769526845934
