###################################
2022-05-15 23:49:31.335491
Namespace(ndim=1, rows=4096, cols=128, alg=1, seed=4, l2_regularization=0.001, epsilon=0.1, delta=0.01, alpha=0.01)
K: (4096, 128)
normal_matrix: (128, 128)
pinv_normal: (128, 128)
time: 0.044439146999999846
loss: 3.859172065532457e-05
