###################################
2022-05-15 23:32:50.900542
Namespace(ndim=1, rows=512, cols=8, alg=1, seed=4, l2_regularization=0.001, epsilon=0.1, delta=0.01, alpha=0.01)
K: (512, 8)
normal_matrix: (8, 8)
pinv_normal: (8, 8)
time: 0.00040037900000000626
loss: 0.00018738007088490657
