###################################
2022-05-16 00:36:50.754307
Namespace(ndim=2, rows=128, cols=2, alg=1, seed=3, l2_regularization=0.001, epsilon=0.1, delta=0.01, alpha=0.01)
K: (16384, 4)
normal_matrix: (4, 4)
pinv_normal: (4, 4)
time: 0.0011594690000000796
loss: 0.018568483772322217
