###################################
2022-05-15 23:29:41.391585
Namespace(ndim=1, rows=256, cols=128, alg=1, seed=1, l2_regularization=0.001, epsilon=0.1, delta=0.01, alpha=0.01)
K: (256, 128)
normal_matrix: (128, 128)
pinv_normal: (128, 128)
time: 0.012453569000000053
loss: 9.900133897152338e-06
