###################################
2022-05-15 23:28:15.937808
Namespace(ndim=1, rows=256, cols=8, alg=1, seed=4, l2_regularization=0.001, epsilon=0.1, delta=0.01, alpha=0.01)
K: (256, 8)
normal_matrix: (8, 8)
pinv_normal: (8, 8)
time: 0.000444112000000052
loss: 0.00015475968098001644
