###################################
2022-05-15 23:34:17.750461
Namespace(ndim=1, rows=512, cols=128, alg=1, seed=4, l2_regularization=0.001, epsilon=0.1, delta=0.01, alpha=0.01)
K: (512, 128)
normal_matrix: (128, 128)
pinv_normal: (128, 128)
time: 0.014475762000000003
loss: 1.1510940100533925e-05
