###################################
2022-05-16 20:56:15.229287
Namespace(ndim=2, rows=7500, cols=10, alg=1, seed=0, l2_regularization=0.001, epsilon=0.1, delta=0.01, alpha=1.0, samples=1028)
K: (56250000, 100)
normal_matrix: (100, 100)
pinv_normal: (100, 100)
time: 36.736518628999995
loss: 10.91002563113088
