###################################
2022-05-16 21:28:15.716668
Namespace(ndim=2, rows=2500, cols=30, alg=1, seed=2, l2_regularization=0.001, epsilon=0.1, delta=0.01, alpha=1.0, samples=1028)
K: (6250000, 900)
normal_matrix: (900, 900)
pinv_normal: (900, 900)
time: 36.729128524000004
loss: 0.4011520905100394
