###################################
2022-05-15 23:52:55.430550
Namespace(ndim=1, rows=8192, cols=2, alg=1, seed=4, l2_regularization=0.001, epsilon=0.1, delta=0.01, alpha=0.01)
K: (8192, 2)
normal_matrix: (2, 2)
pinv_normal: (2, 2)
time: 0.0005120089999999244
loss: 0.004562354662141179
