###################################
2022-05-15 23:37:54.767566
Namespace(ndim=1, rows=1024, cols=32, alg=1, seed=1, l2_regularization=0.001, epsilon=0.1, delta=0.01, alpha=0.01)
K: (1024, 32)
normal_matrix: (32, 32)
pinv_normal: (32, 32)
time: 0.0011361540000001114
loss: 6.410239008967209e-05
