###################################
2022-05-16 18:11:48.235921
Namespace(ndim=2, rows=1024, cols=64, alg=1, seed=0, l2_regularization=0.001, epsilon=0.1, delta=0.01, alpha=1.0, samples=1028)
K: (1048576, 4096)
normal_matrix: (4096, 4096)
pinv_normal: (4096, 4096)
time: 985.409678611
loss: 0.030727421722243877
