###################################
2022-05-16 21:29:03.590630
Namespace(ndim=2, rows=2500, cols=40, alg=1, seed=1, l2_regularization=0.001, epsilon=0.1, delta=0.01, alpha=1.0, samples=1028)
K: (6250000, 1600)
normal_matrix: (1600, 1600)
pinv_normal: (1600, 1600)
time: 270.136572667
loss: 0.3179196849252261
