###################################
2022-05-16 20:37:55.872717
Namespace(ndim=2, rows=5000, cols=20, alg=1, seed=0, l2_regularization=0.001, epsilon=0.1, delta=0.01, alpha=1.0, samples=1028)
K: (25000000, 400)
normal_matrix: (400, 400)
pinv_normal: (400, 400)
time: 211.513460977
loss: 2.402546504784514
