###################################
2022-05-16 14:43:08.008868
Namespace(ndim=2, rows=4096, cols=8, alg=2, seed=0, l2_regularization=0.001, epsilon=0.1, delta=0.01, alpha=1.0, samples=1028)
K: (16777216, 64)
normal_matrix: (64, 64)
pinv_normal: (64, 64)
time: 6.629798415
loss: 4.211805483293539
