###################################
2022-05-15 23:49:33.668331
Namespace(ndim=1, rows=4096, cols=128, alg=2, seed=3, l2_regularization=0.001, epsilon=0.1, delta=0.01, alpha=0.01)
K: (4096, 128)
normal_matrix: (128, 128)
pinv_normal: (128, 128)
time: 0.041130761000000016
loss: 3.998311497494421e-05
