###################################
2022-05-15 23:42:10.360682
Namespace(ndim=1, rows=2048, cols=8, alg=2, seed=0, l2_regularization=0.001, epsilon=0.1, delta=0.01, alpha=0.01)
K: (2048, 8)
normal_matrix: (8, 8)
pinv_normal: (8, 8)
time: 0.0007189590000000745
loss: 0.00037279048033352443
