###################################
2022-05-15 23:38:17.014858
Namespace(ndim=1, rows=1024, cols=64, alg=2, seed=1, l2_regularization=0.001, epsilon=0.1, delta=0.01, alpha=0.01)
K: (1024, 64)
normal_matrix: (64, 64)
pinv_normal: (64, 64)
time: 0.0037429660000001252
loss: 3.2043694114515524e-05
