###################################
2022-05-16 13:14:25.631757
Namespace(ndim=2, rows=256, cols=2, alg=2, seed=0, l2_regularization=0.001, epsilon=0.1, delta=0.01, alpha=1.0, samples=1028)
K: (65536, 4)
normal_matrix: (4, 4)
pinv_normal: (4, 4)
time: 0.004451211999999982
loss: 0.06266626081745745
