###################################
2022-05-16 14:41:41.466765
Namespace(ndim=2, rows=8192, cols=4, alg=2, seed=0, l2_regularization=0.001, epsilon=0.1, delta=0.01, alpha=1.0, samples=1028)
K: (67108864, 16)
normal_matrix: (16, 16)
pinv_normal: (16, 16)
time: 7.035429836
loss: 33.437941527690775
