###################################
2022-05-16 15:54:05.856651
Namespace(ndim=2, rows=16384, cols=4, alg=2, seed=0, l2_regularization=0.001, epsilon=0.1, delta=0.01, alpha=1.0, samples=1028)
K: (268435456, 16)
normal_matrix: (16, 16)
pinv_normal: (16, 16)
time: 28.062000221999998
loss: 133.94393569097053
