###################################
2022-05-15 23:23:15.893105
Namespace(ndim=1, rows=128, cols=2, alg=2, seed=4, l2_regularization=0.001, epsilon=0.1, delta=0.01, alpha=0.01)
K: (128, 2)
normal_matrix: (2, 2)
pinv_normal: (2, 2)
time: 0.0004580569999999007
loss: 0.0005589913848110588
