###################################
2022-05-15 23:41:42.972543
Namespace(ndim=1, rows=2048, cols=2, alg=2, seed=2, l2_regularization=0.001, epsilon=0.1, delta=0.01, alpha=0.01)
K: (2048, 2)
normal_matrix: (2, 2)
pinv_normal: (2, 2)
time: 0.0005100369999999632
loss: 0.0015414030770340686
