###################################
2022-05-15 23:29:44.675162
Namespace(ndim=1, rows=256, cols=128, alg=2, seed=2, l2_regularization=0.001, epsilon=0.1, delta=0.01, alpha=0.01)
K: (256, 128)
normal_matrix: (128, 128)
pinv_normal: (128, 128)
time: 0.013478769000000002
loss: 9.807489815071498e-06
