###################################
2022-05-15 23:58:42.245833
Namespace(ndim=1, rows=8192, cols=128, alg=2, seed=3, l2_regularization=0.001, epsilon=0.1, delta=0.01, alpha=0.01)
K: (8192, 128)
normal_matrix: (128, 128)
pinv_normal: (128, 128)
time: 0.08685518099999978
loss: 7.147840285970277e-05
