###################################
2022-05-15 23:53:55.795022
Namespace(ndim=1, rows=8192, cols=8, alg=2, seed=0, l2_regularization=0.001, epsilon=0.1, delta=0.01, alpha=0.01)
K: (8192, 8)
normal_matrix: (8, 8)
pinv_normal: (8, 8)
time: 0.0012879619999999203
loss: 0.001154403133968015
