###################################
2022-05-15 23:28:45.530036
Namespace(ndim=1, rows=256, cols=32, alg=2, seed=1, l2_regularization=0.001, epsilon=0.1, delta=0.01, alpha=0.01)
K: (256, 32)
normal_matrix: (32, 32)
pinv_normal: (32, 32)
time: 0.0008644440000000753
loss: 3.8333603748857976e-05
