###################################
2022-05-16 13:15:38.142170
Namespace(ndim=2, rows=512, cols=32, alg=2, seed=0, l2_regularization=0.001, epsilon=0.1, delta=0.01, alpha=1.0, samples=1028)
K: (262144, 1024)
normal_matrix: (1024, 1024)
pinv_normal: (1024, 1024)
time: 8.108831972
loss: 0.016300880422033134
