###################################
2022-05-15 23:32:39.740678
Namespace(ndim=1, rows=512, cols=4, alg=2, seed=3, l2_regularization=0.001, epsilon=0.1, delta=0.01, alpha=0.01)
K: (512, 4)
normal_matrix: (4, 4)
pinv_normal: (4, 4)
time: 0.000507054999999923
loss: 0.0003750248937265436
