###################################
2022-05-15 23:47:18.310431
Namespace(ndim=1, rows=4096, cols=8, alg=2, seed=3, l2_regularization=0.001, epsilon=0.1, delta=0.01, alpha=0.01)
K: (4096, 8)
normal_matrix: (8, 8)
pinv_normal: (8, 8)
time: 0.0009180769999999061
loss: 0.0006197547528513268
