###################################
2022-05-15 23:42:42.017994
Namespace(ndim=1, rows=2048, cols=32, alg=2, seed=0, l2_regularization=0.001, epsilon=0.1, delta=0.01, alpha=0.01)
K: (2048, 32)
normal_matrix: (32, 32)
pinv_normal: (32, 32)
time: 0.001995401999999924
loss: 9.921520360278167e-05
