###################################
2022-05-15 23:58:40.336250
Namespace(ndim=1, rows=8192, cols=128, alg=2, seed=0, l2_regularization=0.001, epsilon=0.1, delta=0.01, alpha=0.01)
K: (8192, 128)
normal_matrix: (128, 128)
pinv_normal: (128, 128)
time: 0.08075823399999993
loss: 7.061900174403377e-05
