###################################
2022-05-15 23:33:38.331428
Namespace(ndim=1, rows=512, cols=64, alg=2, seed=0, l2_regularization=0.001, epsilon=0.1, delta=0.01, alpha=0.01)
K: (512, 64)
normal_matrix: (64, 64)
pinv_normal: (64, 64)
time: 0.0028821180000000446
loss: 2.3999493362164346e-05
