###################################
2022-05-15 23:58:40.962392
Namespace(ndim=1, rows=8192, cols=128, alg=2, seed=1, l2_regularization=0.001, epsilon=0.1, delta=0.01, alpha=0.01)
K: (8192, 128)
normal_matrix: (128, 128)
pinv_normal: (128, 128)
time: 0.09027810599999997
loss: 7.29349830217968e-05
