###################################
2022-05-15 23:34:18.848136
Namespace(ndim=1, rows=512, cols=128, alg=2, seed=1, l2_regularization=0.001, epsilon=0.1, delta=0.01, alpha=0.01)
K: (512, 128)
normal_matrix: (128, 128)
pinv_normal: (128, 128)
time: 0.013892817999999973
loss: 1.2087646616178663e-05
