###################################
2022-05-15 23:33:06.518798
Namespace(ndim=1, rows=512, cols=16, alg=2, seed=3, l2_regularization=0.001, epsilon=0.1, delta=0.01, alpha=0.01)
K: (512, 16)
normal_matrix: (16, 16)
pinv_normal: (16, 16)
time: 0.0006386380000000802
loss: 9.326572128553229e-05
