###################################
2022-05-15 23:48:29.505654
Namespace(ndim=1, rows=4096, cols=64, alg=2, seed=0, l2_regularization=0.001, epsilon=0.1, delta=0.01, alpha=0.01)
K: (4096, 64)
normal_matrix: (64, 64)
pinv_normal: (64, 64)
time: 0.011395411000000077
loss: 7.763509444513991e-05
