###################################
2022-05-15 23:32:38.145188
Namespace(ndim=1, rows=512, cols=4, alg=2, seed=0, l2_regularization=0.001, epsilon=0.1, delta=0.01, alpha=0.01)
K: (512, 4)
normal_matrix: (4, 4)
pinv_normal: (4, 4)
time: 0.000497600000000098
loss: 0.0003745873911944541
