###################################
2022-05-15 23:32:51.962231
Namespace(ndim=1, rows=512, cols=8, alg=2, seed=1, l2_regularization=0.001, epsilon=0.1, delta=0.01, alpha=0.01)
K: (512, 8)
normal_matrix: (8, 8)
pinv_normal: (8, 8)
time: 0.0005632459999997952
loss: 0.00019395525923839756
