###################################
2022-05-16 14:41:29.731301
Namespace(ndim=2, rows=4096, cols=4, alg=2, seed=0, l2_regularization=0.001, epsilon=0.1, delta=0.01, alpha=1.0, samples=1028)
K: (16777216, 16)
normal_matrix: (16, 16)
pinv_normal: (16, 16)
time: 1.821335989
loss: 8.401476965167964
