###################################
2022-05-15 23:23:42.920254
Namespace(ndim=1, rows=128, cols=8, alg=2, seed=3, l2_regularization=0.001, epsilon=0.1, delta=0.01, alpha=0.01)
K: (128, 8)
normal_matrix: (8, 8)
pinv_normal: (8, 8)
time: 0.00047964699999991645
loss: 0.0001385432146123617
