###################################
2022-05-15 23:43:51.986284
Namespace(ndim=1, rows=2048, cols=128, alg=2, seed=4, l2_regularization=0.001, epsilon=0.1, delta=0.01, alpha=0.01)
K: (2048, 128)
normal_matrix: (128, 128)
pinv_normal: (128, 128)
time: 0.029055924999999982
loss: 2.2566934191768844e-05
