###################################
2022-05-15 23:43:50.279335
Namespace(ndim=1, rows=2048, cols=128, alg=2, seed=1, l2_regularization=0.001, epsilon=0.1, delta=0.01, alpha=0.01)
K: (2048, 128)
normal_matrix: (128, 128)
pinv_normal: (128, 128)
time: 0.025977432999999994
loss: 2.4505423693023825e-05
