###################################
2022-05-15 23:23:42.407796
Namespace(ndim=1, rows=128, cols=8, alg=2, seed=2, l2_regularization=0.001, epsilon=0.1, delta=0.01, alpha=0.01)
K: (128, 8)
normal_matrix: (8, 8)
pinv_normal: (8, 8)
time: 0.0005088849999999034
loss: 0.00013976009115497656
