###################################
2022-05-16 13:15:56.950785
Namespace(ndim=2, rows=1024, cols=4, alg=2, seed=0, l2_regularization=0.001, epsilon=0.1, delta=0.01, alpha=1.0, samples=1028)
K: (1048576, 16)
normal_matrix: (16, 16)
pinv_normal: (16, 16)
time: 0.13048949399999987
loss: 0.5141383050584543
