###################################
2022-05-15 23:28:30.184370
Namespace(ndim=1, rows=256, cols=16, alg=2, seed=0, l2_regularization=0.001, epsilon=0.1, delta=0.01, alpha=0.01)
K: (256, 16)
normal_matrix: (16, 16)
pinv_normal: (16, 16)
time: 0.0006124040000001774
loss: 7.848222607616351e-05
