###################################
2022-05-15 23:37:57.968157
Namespace(ndim=1, rows=1024, cols=32, alg=2, seed=2, l2_regularization=0.001, epsilon=0.1, delta=0.01, alpha=0.01)
K: (1024, 32)
normal_matrix: (32, 32)
pinv_normal: (32, 32)
time: 0.0013719350000001018
loss: 6.117316689847981e-05
