###################################
2022-05-15 23:28:31.821722
Namespace(ndim=1, rows=256, cols=16, alg=2, seed=3, l2_regularization=0.001, epsilon=0.1, delta=0.01, alpha=0.01)
K: (256, 16)
normal_matrix: (16, 16)
pinv_normal: (16, 16)
time: 0.0006117549999999916
loss: 7.829683184949293e-05
