###################################
2022-05-15 23:28:32.377803
Namespace(ndim=1, rows=256, cols=16, alg=2, seed=4, l2_regularization=0.001, epsilon=0.1, delta=0.01, alpha=0.01)
K: (256, 16)
normal_matrix: (16, 16)
pinv_normal: (16, 16)
time: 0.0005935750000001239
loss: 7.815393589768675e-05
