###################################
2022-05-16 00:36:53.902691
Namespace(ndim=2, rows=128, cols=2, alg=2, seed=4, l2_regularization=0.001, epsilon=0.1, delta=0.01, alpha=0.01)
K: (16384, 4)
normal_matrix: (4, 4)
pinv_normal: (4, 4)
time: 0.001308941000000008
loss: 0.013606844719914772
