###################################
2022-05-15 23:24:28.499911
Namespace(ndim=1, rows=128, cols=64, alg=2, seed=0, l2_regularization=0.001, epsilon=0.1, delta=0.01, alpha=0.01)
K: (128, 64)
normal_matrix: (64, 64)
pinv_normal: (64, 64)
time: 0.003996568000000034
loss: 1.723612115416276e-05
