###################################
2022-05-15 23:29:43.610507
Namespace(ndim=1, rows=256, cols=128, alg=2, seed=0, l2_regularization=0.001, epsilon=0.1, delta=0.01, alpha=0.01)
K: (256, 128)
normal_matrix: (128, 128)
pinv_normal: (128, 128)
time: 0.012314101000000077
loss: 9.821781242803503e-06
