###################################
2022-05-16 13:14:36.779538
Namespace(ndim=2, rows=512, cols=8, alg=2, seed=0, l2_regularization=0.001, epsilon=0.1, delta=0.01, alpha=1.0, samples=1028)
K: (262144, 64)
normal_matrix: (64, 64)
pinv_normal: (64, 64)
time: 0.1283322560000002
loss: 0.060625395815771026
