###################################
2022-05-15 23:33:40.455285
Namespace(ndim=1, rows=512, cols=64, alg=2, seed=4, l2_regularization=0.001, epsilon=0.1, delta=0.01, alpha=0.01)
K: (512, 64)
normal_matrix: (64, 64)
pinv_normal: (64, 64)
time: 0.0029230019999999524
loss: 2.3523314538135902e-05
