###################################
2022-05-16 00:07:12.652639
Namespace(ndim=1, rows=16384, cols=8, alg=2, seed=0, l2_regularization=0.001, epsilon=0.1, delta=0.01, alpha=0.01)
K: (16384, 8)
normal_matrix: (8, 8)
pinv_normal: (8, 8)
time: 0.002824179999999954
loss: 0.002190407317232658
