###################################
2022-05-15 23:27:51.788675
Namespace(ndim=1, rows=256, cols=2, alg=2, seed=4, l2_regularization=0.001, epsilon=0.1, delta=0.01, alpha=0.01)
K: (256, 2)
normal_matrix: (2, 2)
pinv_normal: (2, 2)
time: 0.0004455949999999653
loss: 0.0006058428113749084
