###################################
2022-05-16 00:37:06.674422
Namespace(ndim=2, rows=128, cols=4, alg=2, seed=3, l2_regularization=0.001, epsilon=0.1, delta=0.01, alpha=0.01)
K: (16384, 16)
normal_matrix: (16, 16)
pinv_normal: (16, 16)
time: 0.003946911000000108
loss: 0.007909798964602425
