###################################
2022-05-15 23:28:18.025025
Namespace(ndim=1, rows=256, cols=8, alg=2, seed=3, l2_regularization=0.001, epsilon=0.1, delta=0.01, alpha=0.01)
K: (256, 8)
normal_matrix: (8, 8)
pinv_normal: (8, 8)
time: 0.0005037350000001162
loss: 0.0001542468688401796
