###################################
2022-05-15 23:24:10.389767
Namespace(ndim=1, rows=128, cols=32, alg=2, seed=2, l2_regularization=0.001, epsilon=0.1, delta=0.01, alpha=0.01)
K: (128, 32)
normal_matrix: (32, 32)
pinv_normal: (32, 32)
time: 0.0007957530000000101
loss: 3.5548315725883174e-05
