###################################
2022-05-15 23:28:16.459621
Namespace(ndim=1, rows=256, cols=8, alg=2, seed=0, l2_regularization=0.001, epsilon=0.1, delta=0.01, alpha=0.01)
K: (256, 8)
normal_matrix: (8, 8)
pinv_normal: (8, 8)
time: 0.0005042479999999294
loss: 0.00015258879759121838
