###################################
2022-05-16 00:09:09.991750
Namespace(ndim=1, rows=16384, cols=16, alg=2, seed=3, l2_regularization=0.001, epsilon=0.1, delta=0.01, alpha=0.01)
K: (16384, 16)
normal_matrix: (16, 16)
pinv_normal: (16, 16)
time: 0.0061728100000000286
loss: 0.0010907986738381127
