###################################
2022-05-16 14:38:46.547371
Namespace(ndim=2, rows=8192, cols=2, alg=2, seed=0, l2_regularization=0.001, epsilon=0.1, delta=0.01, alpha=1.0, samples=1028)
K: (67108864, 4)
normal_matrix: (4, 4)
pinv_normal: (4, 4)
time: 1.921968068
loss: 67.084108127416
