###################################
2022-05-16 13:15:59.326147
Namespace(ndim=2, rows=1024, cols=8, alg=2, seed=0, l2_regularization=0.001, epsilon=0.1, delta=0.01, alpha=1.0, samples=1028)
K: (1048576, 64)
normal_matrix: (64, 64)
pinv_normal: (64, 64)
time: 0.466983618
loss: 0.25307694896171057
