###################################
2022-05-15 23:33:05.448418
Namespace(ndim=1, rows=512, cols=16, alg=2, seed=1, l2_regularization=0.001, epsilon=0.1, delta=0.01, alpha=0.01)
K: (512, 16)
normal_matrix: (16, 16)
pinv_normal: (16, 16)
time: 0.0006410759999999627
loss: 9.315704555138486e-05
