###################################
2022-05-15 23:24:30.101650
Namespace(ndim=1, rows=128, cols=64, alg=2, seed=3, l2_regularization=0.001, epsilon=0.1, delta=0.01, alpha=0.01)
K: (128, 64)
normal_matrix: (64, 64)
pinv_normal: (64, 64)
time: 0.002415727000000034
loss: 1.7703300692942022e-05
