###################################
2022-05-15 23:47:00.719406
Namespace(ndim=1, rows=4096, cols=4, alg=2, seed=3, l2_regularization=0.001, epsilon=0.1, delta=0.01, alpha=0.01)
K: (4096, 4)
normal_matrix: (4, 4)
pinv_normal: (4, 4)
time: 0.0010026319999998368
loss: 0.0012447734757438955
