###################################
2022-05-16 00:04:13.086576
Namespace(ndim=1, rows=16384, cols=2, alg=2, seed=4, l2_regularization=0.001, epsilon=0.1, delta=0.01, alpha=0.01)
K: (16384, 2)
normal_matrix: (2, 2)
pinv_normal: (2, 2)
time: 0.0008668250000001265
loss: 0.008637483941909609
