###################################
2022-05-15 23:37:42.997730
Namespace(ndim=1, rows=1024, cols=16, alg=2, seed=2, l2_regularization=0.001, epsilon=0.1, delta=0.01, alpha=0.01)
K: (1024, 16)
normal_matrix: (16, 16)
pinv_normal: (16, 16)
time: 0.0008196979999999243
loss: 0.00012628961321882915
