###################################
2022-05-16 14:42:52.295116
Namespace(ndim=2, rows=2048, cols=16, alg=2, seed=0, l2_regularization=0.001, epsilon=0.1, delta=0.01, alpha=1.0, samples=1028)
K: (4194304, 256)
normal_matrix: (256, 256)
pinv_normal: (256, 256)
time: 6.155125192
loss: 0.5243873100164096
