###################################
2022-05-15 23:32:25.375608
Namespace(ndim=1, rows=512, cols=2, alg=2, seed=1, l2_regularization=0.001, epsilon=0.1, delta=0.01, alpha=0.01)
K: (512, 2)
normal_matrix: (2, 2)
pinv_normal: (2, 2)
time: 0.0004640320000000031
loss: 0.0007324379763823364
