###################################
2022-05-15 23:41:58.112988
Namespace(ndim=1, rows=2048, cols=4, alg=2, seed=4, l2_regularization=0.001, epsilon=0.1, delta=0.01, alpha=0.01)
K: (2048, 4)
normal_matrix: (4, 4)
pinv_normal: (4, 4)
time: 0.0005457110000000043
loss: 0.0007513690901402434
