###################################
2022-05-15 23:29:05.209233
Namespace(ndim=1, rows=256, cols=64, alg=2, seed=2, l2_regularization=0.001, epsilon=0.1, delta=0.01, alpha=0.01)
K: (256, 64)
normal_matrix: (64, 64)
pinv_normal: (64, 64)
time: 0.002500697999999968
loss: 1.9970188178332766e-05
