###################################
2022-05-15 23:55:19.033393
Namespace(ndim=1, rows=8192, cols=32, alg=2, seed=0, l2_regularization=0.001, epsilon=0.1, delta=0.01, alpha=0.01)
K: (8192, 32)
normal_matrix: (32, 32)
pinv_normal: (32, 32)
time: 0.007684727000000002
loss: 0.0002874694333255678
