###################################
2022-05-15 23:49:31.916718
Namespace(ndim=1, rows=4096, cols=128, alg=2, seed=0, l2_regularization=0.001, epsilon=0.1, delta=0.01, alpha=0.01)
K: (4096, 128)
normal_matrix: (128, 128)
pinv_normal: (128, 128)
time: 0.040782399999999885
loss: 3.9249939437861036e-05
