###################################
2022-05-15 23:33:05.991709
Namespace(ndim=1, rows=512, cols=16, alg=2, seed=2, l2_regularization=0.001, epsilon=0.1, delta=0.01, alpha=0.01)
K: (512, 16)
normal_matrix: (16, 16)
pinv_normal: (16, 16)
time: 0.000731616000000157
loss: 9.514251130949558e-05
