###################################
2022-05-15 23:56:30.774761
Namespace(ndim=1, rows=8192, cols=64, alg=2, seed=2, l2_regularization=0.001, epsilon=0.1, delta=0.01, alpha=0.01)
K: (8192, 64)
normal_matrix: (64, 64)
pinv_normal: (64, 64)
time: 0.01933998300000006
loss: 0.00014189084189204803
