###################################
2022-05-15 23:37:00.152097
Namespace(ndim=1, rows=1024, cols=2, alg=2, seed=0, l2_regularization=0.001, epsilon=0.1, delta=0.01, alpha=0.01)
K: (1024, 2)
normal_matrix: (2, 2)
pinv_normal: (2, 2)
time: 0.0005014409999999359
loss: 0.0009833218385787057
