###################################
2022-05-16 00:15:42.897957
Namespace(ndim=1, rows=16384, cols=64, alg=2, seed=1, l2_regularization=0.001, epsilon=0.1, delta=0.01, alpha=0.01)
K: (16384, 64)
normal_matrix: (64, 64)
pinv_normal: (64, 64)
time: 0.0436554469999999
loss: 0.00027254366860044946
