###################################
2022-05-15 23:27:50.212484
Namespace(ndim=1, rows=256, cols=2, alg=2, seed=1, l2_regularization=0.001, epsilon=0.1, delta=0.01, alpha=0.01)
K: (256, 2)
normal_matrix: (2, 2)
pinv_normal: (2, 2)
time: 0.0005576149999999558
loss: 0.0006160460419981206
