###################################
2022-05-16 14:43:44.466051
Namespace(ndim=2, rows=4096, cols=16, alg=2, seed=0, l2_regularization=0.001, epsilon=0.1, delta=0.01, alpha=1.0, samples=1028)
K: (16777216, 256)
normal_matrix: (256, 256)
pinv_normal: (256, 256)
time: 25.192154515000002
loss: 2.0917418168299196
