###################################
2022-05-15 23:48:30.051594
Namespace(ndim=1, rows=4096, cols=64, alg=2, seed=1, l2_regularization=0.001, epsilon=0.1, delta=0.01, alpha=0.01)
K: (4096, 64)
normal_matrix: (64, 64)
pinv_normal: (64, 64)
time: 0.011947331000000005
loss: 8.051956305925861e-05
