###################################
2022-05-15 23:38:58.549418
Namespace(ndim=1, rows=1024, cols=128, alg=2, seed=1, l2_regularization=0.001, epsilon=0.1, delta=0.01, alpha=0.01)
K: (1024, 128)
normal_matrix: (128, 128)
pinv_normal: (128, 128)
time: 0.01793325499999998
loss: 1.621515413383214e-05
