###################################
2022-05-15 23:37:15.630166
Namespace(ndim=1, rows=1024, cols=4, alg=2, seed=3, l2_regularization=0.001, epsilon=0.1, delta=0.01, alpha=0.01)
K: (1024, 4)
normal_matrix: (4, 4)
pinv_normal: (4, 4)
time: 0.0005397220000000758
loss: 0.0005008051344553509
