###################################
2022-05-15 23:28:04.144018
Namespace(ndim=1, rows=256, cols=4, alg=2, seed=2, l2_regularization=0.001, epsilon=0.1, delta=0.01, alpha=0.01)
K: (256, 4)
normal_matrix: (4, 4)
pinv_normal: (4, 4)
time: 0.000490968000000036
loss: 0.0003112888938864468
