###################################
2022-05-16 14:38:41.574857
Namespace(ndim=2, rows=4096, cols=2, alg=2, seed=0, l2_regularization=0.001, epsilon=0.1, delta=0.01, alpha=1.0, samples=1028)
K: (16777216, 4)
normal_matrix: (4, 4)
pinv_normal: (4, 4)
time: 0.5058781989999999
loss: 16.409704884574627
