###################################
2022-05-15 23:47:59.119090
Namespace(ndim=1, rows=4096, cols=32, alg=2, seed=2, l2_regularization=0.001, epsilon=0.1, delta=0.01, alpha=0.01)
K: (4096, 32)
normal_matrix: (32, 32)
pinv_normal: (32, 32)
time: 0.0038158919999999874
loss: 0.000153894237129265
