###################################
2022-05-15 23:42:25.223227
Namespace(ndim=1, rows=2048, cols=16, alg=2, seed=0, l2_regularization=0.001, epsilon=0.1, delta=0.01, alpha=0.01)
K: (2048, 16)
normal_matrix: (16, 16)
pinv_normal: (16, 16)
time: 0.0009799950000000113
loss: 0.00019147541056167632
