###################################
2022-05-15 23:23:55.825215
Namespace(ndim=1, rows=128, cols=16, alg=2, seed=2, l2_regularization=0.001, epsilon=0.1, delta=0.01, alpha=0.01)
K: (128, 16)
normal_matrix: (16, 16)
pinv_normal: (16, 16)
time: 0.0005541309999999022
loss: 7.102746019466395e-05
