###################################
2022-05-15 23:43:05.943075
Namespace(ndim=1, rows=2048, cols=64, alg=2, seed=3, l2_regularization=0.001, epsilon=0.1, delta=0.01, alpha=0.01)
K: (2048, 64)
normal_matrix: (64, 64)
pinv_normal: (64, 64)
time: 0.006675445000000169
loss: 4.775187108485645e-05
