###################################
2022-05-15 23:34:18.300748
Namespace(ndim=1, rows=512, cols=128, alg=2, seed=0, l2_regularization=0.001, epsilon=0.1, delta=0.01, alpha=0.01)
K: (512, 128)
normal_matrix: (128, 128)
pinv_normal: (128, 128)
time: 0.01643517399999994
loss: 1.185053455601949e-05
