###################################
2022-05-16 14:42:41.636638
Namespace(ndim=2, rows=2048, cols=8, alg=2, seed=0, l2_regularization=0.001, epsilon=0.1, delta=0.01, alpha=1.0, samples=1028)
K: (4194304, 64)
normal_matrix: (64, 64)
pinv_normal: (64, 64)
time: 1.7260616999999998
loss: 1.0319576740568752
