###################################
2022-05-15 23:43:04.867187
Namespace(ndim=1, rows=2048, cols=64, alg=2, seed=1, l2_regularization=0.001, epsilon=0.1, delta=0.01, alpha=0.01)
K: (2048, 64)
normal_matrix: (64, 64)
pinv_normal: (64, 64)
time: 0.006529789000000008
loss: 4.778203477507818e-05
