###################################
2022-05-15 23:23:55.293329
Namespace(ndim=1, rows=128, cols=16, alg=2, seed=1, l2_regularization=0.001, epsilon=0.1, delta=0.01, alpha=0.01)
K: (128, 16)
normal_matrix: (16, 16)
pinv_normal: (16, 16)
time: 0.0005540470000000575
loss: 7.006905077563729e-05
