###################################
2022-05-15 23:37:29.476989
Namespace(ndim=1, rows=1024, cols=8, alg=2, seed=3, l2_regularization=0.001, epsilon=0.1, delta=0.01, alpha=0.01)
K: (1024, 8)
normal_matrix: (8, 8)
pinv_normal: (8, 8)
time: 0.0006066510000000136
loss: 0.0002388771926003393
