###################################
2022-05-16 00:05:37.365916
Namespace(ndim=1, rows=16384, cols=4, alg=2, seed=1, l2_regularization=0.001, epsilon=0.1, delta=0.01, alpha=0.01)
K: (16384, 4)
normal_matrix: (4, 4)
pinv_normal: (4, 4)
time: 0.0011958050000000497
loss: 0.004246757633000867
