###################################
2022-05-16 13:15:55.017011
Namespace(ndim=2, rows=1024, cols=2, alg=2, seed=0, l2_regularization=0.001, epsilon=0.1, delta=0.01, alpha=1.0, samples=1028)
K: (1048576, 4)
normal_matrix: (4, 4)
pinv_normal: (4, 4)
time: 0.035354812999999874
loss: 1.0068359839976033
