###################################
2022-05-15 23:46:59.620394
Namespace(ndim=1, rows=4096, cols=4, alg=2, seed=1, l2_regularization=0.001, epsilon=0.1, delta=0.01, alpha=0.01)
K: (4096, 4)
normal_matrix: (4, 4)
pinv_normal: (4, 4)
time: 0.0006643470000000651
loss: 0.0012461166961344515
