###################################
2022-05-15 23:47:37.860223
Namespace(ndim=1, rows=4096, cols=16, alg=2, seed=4, l2_regularization=0.001, epsilon=0.1, delta=0.01, alpha=0.01)
K: (4096, 16)
normal_matrix: (16, 16)
pinv_normal: (16, 16)
time: 0.0014839230000001091
loss: 0.00031533644069695114
