###################################
2022-05-16 00:37:07.219010
Namespace(ndim=2, rows=128, cols=4, alg=2, seed=4, l2_regularization=0.001, epsilon=0.1, delta=0.01, alpha=0.01)
K: (16384, 16)
normal_matrix: (16, 16)
pinv_normal: (16, 16)
time: 0.0032783170000001416
loss: 0.007458866888662287
