###################################
2022-05-16 17:23:14.080264
Namespace(ndim=2, rows=256, cols=64, alg=2, seed=0, l2_regularization=0.001, epsilon=0.1, delta=0.01, alpha=1.0, samples=1028)
K: (65536, 4096)
normal_matrix: (4096, 4096)
pinv_normal: (4096, 4096)
time: 968.047837936
loss: 0.0015489994717586405
