###################################
2022-05-16 00:52:23.276094
Namespace(ndim=2, rows=128, cols=32, alg=2, seed=2, l2_regularization=0.001, epsilon=0.1, delta=0.01, alpha=0.01)
K: (16384, 1024)
normal_matrix: (1024, 1024)
pinv_normal: (1024, 1024)
time: 6.3752482420000005
loss: 0.0008581017484641351
