###################################
2022-05-16 13:16:03.496340
Namespace(ndim=2, rows=1024, cols=16, alg=2, seed=0, l2_regularization=0.001, epsilon=0.1, delta=0.01, alpha=1.0, samples=1028)
K: (1048576, 256)
normal_matrix: (256, 256)
pinv_normal: (256, 256)
time: 1.652011938
loss: 0.13063057755682272
