###################################
2022-05-15 23:52:55.964311
Namespace(ndim=1, rows=8192, cols=2, alg=2, seed=0, l2_regularization=0.001, epsilon=0.1, delta=0.01, alpha=0.01)
K: (8192, 2)
normal_matrix: (2, 2)
pinv_normal: (2, 2)
time: 0.0006521910000001352
loss: 0.004507416590721475
