###################################
2022-05-15 23:46:44.019769
Namespace(ndim=1, rows=4096, cols=2, alg=2, seed=3, l2_regularization=0.001, epsilon=0.1, delta=0.01, alpha=0.01)
K: (4096, 2)
normal_matrix: (2, 2)
pinv_normal: (2, 2)
time: 0.0005554599999999521
loss: 0.0024794122120551255
