###################################
2022-05-15 23:33:20.927002
Namespace(ndim=1, rows=512, cols=32, alg=2, seed=3, l2_regularization=0.001, epsilon=0.1, delta=0.01, alpha=0.01)
K: (512, 32)
normal_matrix: (32, 32)
pinv_normal: (32, 32)
time: 0.0010396070000000535
loss: 4.807340519119636e-05
