###################################
2022-05-15 23:43:50.852928
Namespace(ndim=1, rows=2048, cols=128, alg=2, seed=2, l2_regularization=0.001, epsilon=0.1, delta=0.01, alpha=0.01)
K: (2048, 128)
normal_matrix: (128, 128)
pinv_normal: (128, 128)
time: 0.02784274099999995
loss: 2.346351641684598e-05
