###################################
2022-05-16 12:05:16.922957
Namespace(ndim=2, rows=512, cols=64, alg=3, seed=4, l2_regularization=0.001, epsilon=0.1, delta=0.01, alpha=0.01)
Ktb: (4096, 1)
tmp: (4096, 1)
time: 0.08638693999999991
loss: 0.007244963456862301
