###################################
2022-05-16 12:04:59.051190
Namespace(ndim=2, rows=256, cols=128, alg=3, seed=1, l2_regularization=0.001, epsilon=0.1, delta=0.01, alpha=0.01)
Ktb: (16384, 1)
tmp: (16384, 1)
time: 0.07925963200000008
loss: 0.000488067563823431
