###################################
2022-05-16 12:04:48.294038
Namespace(ndim=2, rows=256, cols=4, alg=3, seed=3, l2_regularization=0.001, epsilon=0.1, delta=0.01, alpha=0.01)
Ktb: (16, 1)
tmp: (16, 1)
time: 0.003229476000000009
loss: 0.03127308233905284
