###################################
2022-05-16 12:06:36.167773
Namespace(ndim=2, rows=1024, cols=8, alg=3, seed=1, l2_regularization=0.001, epsilon=0.1, delta=0.01, alpha=0.01)
Ktb: (64, 1)
tmp: (64, 1)
time: 6.083829904
loss: 0.2673627243274971
