###################################
2022-05-15 23:27:54.531238
Namespace(ndim=1, rows=256, cols=2, alg=3, seed=4, l2_regularization=0.001, epsilon=0.1, delta=0.01, alpha=0.01)
Ktb: (2, 1)
tmp: (2, 1)
time: 0.0011938409999998623
loss: 0.0006049085856229452
