###################################
2022-05-16 12:04:59.723156
Namespace(ndim=2, rows=256, cols=128, alg=3, seed=2, l2_regularization=0.001, epsilon=0.1, delta=0.01, alpha=0.01)
Ktb: (16384, 1)
tmp: (16384, 1)
time: 0.0706963009999999
loss: 0.0005876284749254102
