###################################
2022-05-16 00:07:47.345699
Namespace(ndim=1, rows=16384, cols=8, alg=3, seed=3, l2_regularization=0.001, epsilon=0.1, delta=0.01, alpha=0.01)
Ktb: (8, 1)
tmp: (8, 1)
time: 10.200983621
loss: 0.0021638108764088413
