###################################
2022-05-15 23:29:06.775918
Namespace(ndim=1, rows=256, cols=64, alg=3, seed=0, l2_regularization=0.001, epsilon=0.1, delta=0.01, alpha=0.01)
Ktb: (64, 1)
tmp: (64, 1)
time: 0.008953381999999843
loss: 1.8908737293410927e-05
