###################################
2022-05-16 12:06:21.036025
Namespace(ndim=2, rows=1024, cols=4, alg=3, seed=3, l2_regularization=0.001, epsilon=0.1, delta=0.01, alpha=0.01)
Ktb: (16, 1)
tmp: (16, 1)
time: 8.446224450999999
loss: 0.4877795443338785
