###################################
2022-05-16 12:04:47.098064
Namespace(ndim=2, rows=256, cols=4, alg=3, seed=1, l2_regularization=0.001, epsilon=0.1, delta=0.01, alpha=0.01)
Ktb: (16, 1)
tmp: (16, 1)
time: 0.0029123490000000363
loss: 0.03302445704523507
