###################################
2022-05-16 00:52:43.127113
Namespace(ndim=2, rows=128, cols=32, alg=3, seed=0, l2_regularization=0.001, epsilon=0.1, delta=0.01, alpha=0.01)
Ktb: (1024, 1)
tmp: (1024, 1)
time: 0.0035410520000001
loss: 0.0007246999933581972
