###################################
2022-05-16 12:12:49.317951
Namespace(ndim=2, rows=1024, cols=128, alg=3, seed=1, l2_regularization=0.001, epsilon=0.1, delta=0.01, alpha=0.01)
Ktb: (16384, 1)
tmp: (16384, 1)
time: 0.7498622100000001
loss: 0.01517684216738198
