###################################
2022-05-15 23:58:43.480397
Namespace(ndim=1, rows=8192, cols=128, alg=3, seed=0, l2_regularization=0.001, epsilon=0.1, delta=0.01, alpha=0.01)
Ktb: (128, 1)
tmp: (128, 1)
time: 16.660432753
loss: 7.015169655843131e-05
