###################################
2022-05-15 23:48:32.264051
Namespace(ndim=1, rows=4096, cols=64, alg=3, seed=0, l2_regularization=0.001, epsilon=0.1, delta=0.01, alpha=0.01)
Ktb: (64, 1)
tmp: (64, 1)
time: 2.2662560650000003
loss: 7.70430611627995e-05
