###################################
2022-05-16 12:05:17.589916
Namespace(ndim=2, rows=512, cols=128, alg=3, seed=1, l2_regularization=0.001, epsilon=0.1, delta=0.01, alpha=0.01)
Ktb: (16384, 1)
tmp: (16384, 1)
time: 0.18895660400000014
loss: 0.0032853860751540388
