###################################
2022-05-15 23:43:11.423835
Namespace(ndim=1, rows=2048, cols=64, alg=3, seed=4, l2_regularization=0.001, epsilon=0.1, delta=0.01, alpha=0.01)
Ktb: (64, 1)
tmp: (64, 1)
time: 0.6215939180000001
loss: 4.587255407871406e-05
