###################################
2022-05-16 00:04:29.200082
Namespace(ndim=1, rows=16384, cols=2, alg=3, seed=2, l2_regularization=0.001, epsilon=0.1, delta=0.01, alpha=0.01)
Ktb: (2, 1)
tmp: (2, 1)
time: 7.263861123
loss: 0.008866863610478096
