###################################
2022-05-15 23:33:42.684979
Namespace(ndim=1, rows=512, cols=64, alg=3, seed=3, l2_regularization=0.001, epsilon=0.1, delta=0.01, alpha=0.01)
Ktb: (64, 1)
tmp: (64, 1)
time: 0.03331122299999989
loss: 2.341126085985055e-05
