###################################
2022-05-16 12:05:07.277201
Namespace(ndim=2, rows=512, cols=8, alg=3, seed=1, l2_regularization=0.001, epsilon=0.1, delta=0.01, alpha=0.01)
Ktb: (64, 1)
tmp: (64, 1)
time: 0.017585202999999994
loss: 0.0673328958217922
