###################################
2022-05-16 21:56:02.319146
Namespace(ndim=2, rows=2500, cols=40, alg=3, seed=2, l2_regularization=0.001, epsilon=0.1, delta=0.01, alpha=1.0, samples=1028)
Ktb: (1600, 1)
tmp: (1600, 1)
time: 0.326638628
loss: 0.29676074914830736
