###################################
2022-05-16 12:04:45.300936
Namespace(ndim=2, rows=256, cols=2, alg=3, seed=2, l2_regularization=0.001, epsilon=0.1, delta=0.01, alpha=0.01)
Ktb: (4, 1)
tmp: (4, 1)
time: 0.002123843000000125
loss: 0.06047663280532215
