###################################
2022-05-15 23:56:41.948796
Namespace(ndim=1, rows=8192, cols=64, alg=3, seed=1, l2_regularization=0.001, epsilon=0.1, delta=0.01, alpha=0.01)
Ktb: (64, 1)
tmp: (64, 1)
time: 8.912428233
loss: 0.00014413241240374095
