###################################
2022-05-15 23:53:58.468054
Namespace(ndim=1, rows=8192, cols=8, alg=3, seed=0, l2_regularization=0.001, epsilon=0.1, delta=0.01, alpha=0.01)
Ktb: (8, 1)
tmp: (8, 1)
time: 2.248455377
loss: 0.0011539503923187055
