###################################
2022-05-16 12:04:55.994640
Namespace(ndim=2, rows=256, cols=32, alg=3, seed=4, l2_regularization=0.001, epsilon=0.1, delta=0.01, alpha=0.01)
Ktb: (1024, 1)
tmp: (1024, 1)
time: 0.01240668899999997
loss: 0.0035854329152239833
