###################################
2022-05-16 12:05:15.468893
Namespace(ndim=2, rows=512, cols=64, alg=3, seed=2, l2_regularization=0.001, epsilon=0.1, delta=0.01, alpha=0.01)
Ktb: (4096, 1)
tmp: (4096, 1)
time: 0.10368883900000014
loss: 0.007029231341025042
