###################################
2022-05-15 23:37:05.033967
Namespace(ndim=1, rows=1024, cols=2, alg=3, seed=4, l2_regularization=0.001, epsilon=0.1, delta=0.01, alpha=0.01)
Ktb: (2, 1)
tmp: (2, 1)
time: 0.013604393999999909
loss: 0.0009586915503739168
