###################################
2022-05-16 12:05:06.128265
Namespace(ndim=2, rows=512, cols=4, alg=3, seed=3, l2_regularization=0.001, epsilon=0.1, delta=0.01, alpha=0.01)
Ktb: (16, 1)
tmp: (16, 1)
time: 0.012545088000000093
loss: 0.12732206608955268
