###################################
2022-05-16 12:23:00.054311
Namespace(ndim=2, rows=2048, cols=8, alg=3, seed=0, l2_regularization=0.001, epsilon=0.1, delta=0.01, alpha=1.0, samples=1028)
Ktb: (64, 1)
tmp: (64, 1)
time: 0.31506904699999994
loss: 1.0319576388351563
