###################################
2022-05-16 21:14:38.104923
Namespace(ndim=2, rows=7500, cols=20, alg=3, seed=0, l2_regularization=0.001, epsilon=0.1, delta=0.01, alpha=1.0, samples=1028)
Ktb: (400, 1)
tmp: (400, 1)
time: 1.3692850289999998
loss: 5.424421053501447
