###################################
2022-05-15 23:28:20.729831
Namespace(ndim=1, rows=256, cols=8, alg=3, seed=3, l2_regularization=0.001, epsilon=0.1, delta=0.01, alpha=0.01)
Ktb: (8, 1)
tmp: (8, 1)
time: 0.0019429830000001758
loss: 0.0001540388258730739
