###################################
2022-05-15 23:24:31.776136
Namespace(ndim=1, rows=128, cols=64, alg=3, seed=1, l2_regularization=0.001, epsilon=0.1, delta=0.01, alpha=0.01)
Ktb: (64, 1)
tmp: (64, 1)
time: 0.0035251149999999676
loss: 1.7390591958297177e-05
