###################################
2022-05-16 16:53:20.426458
Namespace(ndim=2, rows=4096, cols=64, alg=3, seed=0, l2_regularization=0.001, epsilon=0.1, delta=0.01, alpha=1.0, samples=1028)
Ktb: (4096, 1)
tmp: (4096, 1)
time: 3.642191448
loss: 0.5067639297904996
