###################################
2022-05-15 23:33:09.188804
Namespace(ndim=1, rows=512, cols=16, alg=3, seed=3, l2_regularization=0.001, epsilon=0.1, delta=0.01, alpha=0.01)
Ktb: (16, 1)
tmp: (16, 1)
time: 0.01028275100000009
loss: 9.299514966421552e-05
