###################################
2022-05-16 12:04:41.718200
Namespace(ndim=2, rows=128, cols=64, alg=3, seed=4, l2_regularization=0.001, epsilon=0.1, delta=0.01, alpha=0.01)
Ktb: (4096, 1)
tmp: (4096, 1)
time: 0.008298130999999875
loss: 0.0002622754478761694
