###################################
2022-05-16 16:52:57.062244
Namespace(ndim=2, rows=128, cols=2, alg=3, seed=0, l2_regularization=0.001, epsilon=0.1, delta=0.01, alpha=1.0, samples=1028)
Ktb: (4, 1)
tmp: (4, 1)
time: 0.0007312669999999244
loss: 0.016410838927554277
