###################################
2022-05-16 15:44:27.319248
Namespace(ndim=2, rows=16384, cols=16, alg=3, seed=0, l2_regularization=0.001, epsilon=0.1, delta=0.01, alpha=1.0, samples=1028)
Ktb: (256, 1)
tmp: (256, 1)
time: 42.290282768000004
loss: 33.361124244652615
