###################################
2022-05-16 00:07:26.157557
Namespace(ndim=1, rows=16384, cols=8, alg=3, seed=1, l2_regularization=0.001, epsilon=0.1, delta=0.01, alpha=0.01)
Ktb: (8, 1)
tmp: (8, 1)
time: 10.020075712
loss: 0.002137968324608751
