###################################
2022-05-16 12:05:01.055512
Namespace(ndim=2, rows=256, cols=128, alg=3, seed=4, l2_regularization=0.001, epsilon=0.1, delta=0.01, alpha=0.01)
Ktb: (16384, 1)
tmp: (16384, 1)
time: 0.06647192899999999
loss: 0.0004801733541748829
