###################################
2022-05-15 23:41:47.043329
Namespace(ndim=1, rows=2048, cols=2, alg=3, seed=4, l2_regularization=0.001, epsilon=0.1, delta=0.01, alpha=0.01)
Ktb: (2, 1)
tmp: (2, 1)
time: 0.07933773700000013
loss: 0.0014568847901117621
