###################################
2022-05-16 16:54:54.903670
Namespace(ndim=2, rows=16384, cols=16, alg=3, seed=0, l2_regularization=0.001, epsilon=0.1, delta=0.01, alpha=1.0, samples=1028)
Ktb: (256, 1)
tmp: (256, 1)
time: 15.002838023999999
loss: 33.36112424482977
