###################################
2022-05-16 16:53:01.946074
Namespace(ndim=2, rows=256, cols=16, alg=3, seed=0, l2_regularization=0.001, epsilon=0.1, delta=0.01, alpha=1.0, samples=1028)
Ktb: (256, 1)
tmp: (256, 1)
time: 0.0021730369999999333
loss: 0.007709402393177236
