###################################
2022-05-16 20:23:35.784106
Namespace(ndim=2, rows=2500, cols=30, alg=3, seed=0, l2_regularization=0.001, epsilon=0.1, delta=0.01, alpha=1.0, samples=1028)
Ktb: (900, 1)
tmp: (900, 1)
time: 0.2407470159999998
loss: 0.4110748441453213
