###################################
2022-05-16 11:09:10.034740
Namespace(ndim=2, rows=128, cols=128, alg=3, seed=0, l2_regularization=0.001, epsilon=0.1, delta=0.01, alpha=0.01)
Ktb: (16384, 1)
tmp: (16384, 1)
time: 0.030514321000000066
loss: 4.8280128630928475e-06
