###################################
2022-05-15 23:43:55.775398
Namespace(ndim=1, rows=2048, cols=128, alg=3, seed=2, l2_regularization=0.001, epsilon=0.1, delta=0.01, alpha=0.01)
Ktb: (128, 1)
tmp: (128, 1)
time: 1.1204999950000003
loss: 2.2965891376276733e-05
