###################################
2022-05-16 15:42:58.035007
Namespace(ndim=2, rows=16384, cols=4, alg=3, seed=0, l2_regularization=0.001, epsilon=0.1, delta=0.01, alpha=1.0, samples=1028)
Ktb: (16, 1)
tmp: (16, 1)
time: 17.49678352
loss: 133.92500236346862
