###################################
2022-05-16 12:01:01.719934
Namespace(ndim=2, rows=256, cols=2, alg=3, seed=0, l2_regularization=0.001, epsilon=0.1, delta=0.01, alpha=0.01)
Ktb: (4, 1)
tmp: (4, 1)
time: 0.0027541970000000138
loss: 0.06265192737794621
