###################################
2022-05-16 12:04:49.994773
Namespace(ndim=2, rows=256, cols=8, alg=3, seed=2, l2_regularization=0.001, epsilon=0.1, delta=0.01, alpha=0.01)
Ktb: (64, 1)
tmp: (64, 1)
time: 0.004319033000000028
loss: 0.015884593913876383
