###################################
2022-05-16 21:57:12.904826
Namespace(ndim=2, rows=5000, cols=10, alg=3, seed=1, l2_regularization=0.001, epsilon=0.1, delta=0.01, alpha=1.0, samples=1028)
Ktb: (100, 1)
tmp: (100, 1)
time: 0.3220693619999999
loss: 4.92818620439903
