###################################
2022-05-16 12:23:38.520885
Namespace(ndim=2, rows=4096, cols=32, alg=3, seed=0, l2_regularization=0.001, epsilon=0.1, delta=0.01, alpha=1.0, samples=1028)
Ktb: (1024, 1)
tmp: (1024, 1)
time: 3.7504364699999995
loss: 1.0433938331666137
