###################################
2022-05-15 23:24:32.836879
Namespace(ndim=1, rows=128, cols=64, alg=3, seed=3, l2_regularization=0.001, epsilon=0.1, delta=0.01, alpha=0.01)
Ktb: (64, 1)
tmp: (64, 1)
time: 0.003507514000000045
loss: 1.761615203614721e-05
