###################################
2022-05-16 00:37:23.084806
Namespace(ndim=2, rows=128, cols=8, alg=3, seed=1, l2_regularization=0.001, epsilon=0.1, delta=0.01, alpha=0.01)
Ktb: (64, 1)
tmp: (64, 1)
time: 0.0013291209999999332
loss: 0.004445244557476194
