###################################
2022-05-15 23:41:59.920109
Namespace(ndim=1, rows=2048, cols=4, alg=3, seed=2, l2_regularization=0.001, epsilon=0.1, delta=0.01, alpha=0.01)
Ktb: (4, 1)
tmp: (4, 1)
time: 0.09657183699999994
loss: 0.0007655163216948818
