###################################
2022-05-15 23:48:04.286547
Namespace(ndim=1, rows=4096, cols=32, alg=3, seed=2, l2_regularization=0.001, epsilon=0.1, delta=0.01, alpha=0.01)
Ktb: (32, 1)
tmp: (32, 1)
time: 1.2284248190000002
loss: 0.0001534141428382046
