###################################
2022-05-16 00:17:39.591034
Namespace(ndim=1, rows=16384, cols=64, alg=3, seed=3, l2_regularization=0.001, epsilon=0.1, delta=0.01, alpha=0.01)
Ktb: (64, 1)
tmp: (64, 1)
time: 37.150110080999994
loss: 0.00027088635676787666
