###################################
2022-05-15 23:29:48.492298
Namespace(ndim=1, rows=256, cols=128, alg=3, seed=4, l2_regularization=0.001, epsilon=0.1, delta=0.01, alpha=0.01)
Ktb: (128, 1)
tmp: (128, 1)
time: 0.022303697999999983
loss: 9.389692038203526e-06
