###################################
2022-05-15 23:47:39.646180
Namespace(ndim=1, rows=4096, cols=16, alg=3, seed=1, l2_regularization=0.001, epsilon=0.1, delta=0.01, alpha=0.01)
Ktb: (16, 1)
tmp: (16, 1)
time: 0.736334608
loss: 0.0003162282937234323
