###################################
2022-05-15 23:23:58.459434
Namespace(ndim=1, rows=128, cols=16, alg=3, seed=2, l2_regularization=0.001, epsilon=0.1, delta=0.01, alpha=0.01)
Ktb: (16, 1)
tmp: (16, 1)
time: 0.001073512999999915
loss: 7.090322433978465e-05
