###################################
2022-05-16 12:04:53.625469
Namespace(ndim=2, rows=256, cols=16, alg=3, seed=4, l2_regularization=0.001, epsilon=0.1, delta=0.01, alpha=0.01)
Ktb: (256, 1)
tmp: (256, 1)
time: 0.0061042669999999966
loss: 0.007664274797594889
