###################################
2022-05-16 21:14:55.243883
Namespace(ndim=2, rows=7500, cols=40, alg=3, seed=0, l2_regularization=0.001, epsilon=0.1, delta=0.01, alpha=1.0, samples=1028)
Ktb: (1600, 1)
tmp: (1600, 1)
time: 2.9912417609999995
loss: 2.7467667002325924
