###################################
2022-05-16 12:04:57.224791
Namespace(ndim=2, rows=256, cols=64, alg=3, seed=2, l2_regularization=0.001, epsilon=0.1, delta=0.01, alpha=0.01)
Ktb: (4096, 1)
tmp: (4096, 1)
time: 0.02781592299999991
loss: 0.0015103263107515582
