###################################
2022-05-16 12:23:29.915236
Namespace(ndim=2, rows=4096, cols=8, alg=3, seed=0, l2_regularization=0.001, epsilon=0.1, delta=0.01, alpha=1.0, samples=1028)
Ktb: (64, 1)
tmp: (64, 1)
time: 1.2356956879999998
loss: 4.211803790509165
