###################################
2022-05-15 23:59:52.557749
Namespace(ndim=1, rows=8192, cols=128, alg=3, seed=4, l2_regularization=0.001, epsilon=0.1, delta=0.01, alpha=0.01)
Ktb: (128, 1)
tmp: (128, 1)
time: 16.804911695
loss: 6.898772051489801e-05
