###################################
2022-05-15 23:34:21.653350
Namespace(ndim=1, rows=512, cols=128, alg=3, seed=1, l2_regularization=0.001, epsilon=0.1, delta=0.01, alpha=0.01)
Ktb: (128, 1)
tmp: (128, 1)
time: 0.06396630300000017
loss: 1.1801336717709143e-05
