###################################
2022-05-15 23:32:28.505303
Namespace(ndim=1, rows=512, cols=2, alg=3, seed=2, l2_regularization=0.001, epsilon=0.1, delta=0.01, alpha=0.01)
Ktb: (2, 1)
tmp: (2, 1)
time: 0.004439005999999912
loss: 0.0007356332851096442
