###################################
2022-05-16 12:01:18.233815
Namespace(ndim=2, rows=1024, cols=4, alg=3, seed=0, l2_regularization=0.001, epsilon=0.1, delta=0.01, alpha=0.01)
Ktb: (16, 1)
tmp: (16, 1)
time: 8.999402549000001
loss: 0.5141382426584088
