###################################
2022-05-15 23:32:42.386382
Namespace(ndim=1, rows=512, cols=4, alg=3, seed=3, l2_regularization=0.001, epsilon=0.1, delta=0.01, alpha=0.01)
Ktb: (4, 1)
tmp: (4, 1)
time: 0.0047444379999999065
loss: 0.0003743230510328574
