###################################
2022-05-15 23:37:59.575552
Namespace(ndim=1, rows=1024, cols=32, alg=3, seed=0, l2_regularization=0.001, epsilon=0.1, delta=0.01, alpha=0.01)
Ktb: (32, 1)
tmp: (32, 1)
time: 0.07456421899999999
loss: 6.489478328427267e-05
