###################################
2022-05-16 12:09:44.110020
Namespace(ndim=2, rows=1024, cols=64, alg=3, seed=2, l2_regularization=0.001, epsilon=0.1, delta=0.01, alpha=0.01)
Ktb: (4096, 1)
tmp: (4096, 1)
time: 2.6975663940000003
loss: 0.028810017720362638
