###################################
2022-05-16 20:22:55.236422
Namespace(ndim=2, rows=2500, cols=20, alg=3, seed=0, l2_regularization=0.001, epsilon=0.1, delta=0.01, alpha=1.0, samples=1028)
Ktb: (400, 1)
tmp: (400, 1)
time: 0.16331247700000007
loss: 0.6091097255628083
