###################################
2022-05-15 23:57:10.462983
Namespace(ndim=1, rows=8192, cols=64, alg=3, seed=4, l2_regularization=0.001, epsilon=0.1, delta=0.01, alpha=0.01)
Ktb: (64, 1)
tmp: (64, 1)
time: 9.008456380999998
loss: 0.000140207658099208
