###################################
2022-05-15 23:28:33.981348
Namespace(ndim=1, rows=256, cols=16, alg=3, seed=2, l2_regularization=0.001, epsilon=0.1, delta=0.01, alpha=0.01)
Ktb: (16, 1)
tmp: (16, 1)
time: 0.0027362650000000155
loss: 7.947908367299197e-05
