###################################
2022-05-16 16:53:00.865831
Namespace(ndim=2, rows=256, cols=4, alg=3, seed=0, l2_regularization=0.001, epsilon=0.1, delta=0.01, alpha=1.0, samples=1028)
Ktb: (16, 1)
tmp: (16, 1)
time: 0.0010500909999999752
loss: 0.0316419264000965
