###################################
2022-05-15 23:33:08.639325
Namespace(ndim=1, rows=512, cols=16, alg=3, seed=2, l2_regularization=0.001, epsilon=0.1, delta=0.01, alpha=0.01)
Ktb: (16, 1)
tmp: (16, 1)
time: 0.01079876099999999
loss: 9.496004274291474e-05
