###################################
2022-05-16 20:55:54.459759
Namespace(ndim=2, rows=5000, cols=40, alg=3, seed=0, l2_regularization=0.001, epsilon=0.1, delta=0.01, alpha=1.0, samples=1028)
Ktb: (1600, 1)
tmp: (1600, 1)
time: 1.217614879
loss: 1.2133154591089919
