###################################
2022-05-16 12:04:52.370378
Namespace(ndim=2, rows=256, cols=16, alg=3, seed=2, l2_regularization=0.001, epsilon=0.1, delta=0.01, alpha=0.01)
Ktb: (256, 1)
tmp: (256, 1)
time: 0.008102011000000076
loss: 0.008075353222613013
