###################################
2022-05-16 12:01:02.308169
Namespace(ndim=2, rows=256, cols=4, alg=3, seed=0, l2_regularization=0.001, epsilon=0.1, delta=0.01, alpha=0.01)
Ktb: (16, 1)
tmp: (16, 1)
time: 0.0026183459999999936
loss: 0.03164192640009637
