###################################
2022-05-15 23:23:58.980259
Namespace(ndim=1, rows=128, cols=16, alg=3, seed=3, l2_regularization=0.001, epsilon=0.1, delta=0.01, alpha=0.01)
Ktb: (16, 1)
tmp: (16, 1)
time: 0.0010342939999998801
loss: 7.047923181862808e-05
