###################################
2022-05-16 12:23:24.161892
Namespace(ndim=2, rows=4096, cols=2, alg=3, seed=0, l2_regularization=0.001, epsilon=0.1, delta=0.01, alpha=1.0, samples=1028)
Ktb: (4, 1)
tmp: (4, 1)
time: 0.740074441
loss: 16.409704879936562
