###################################
2022-05-16 12:05:18.381883
Namespace(ndim=2, rows=512, cols=128, alg=3, seed=2, l2_regularization=0.001, epsilon=0.1, delta=0.01, alpha=0.01)
Ktb: (16384, 1)
tmp: (16384, 1)
time: 0.20553788100000014
loss: 0.003139066311418111
