###################################
2022-05-15 23:54:04.035911
Namespace(ndim=1, rows=8192, cols=8, alg=3, seed=2, l2_regularization=0.001, epsilon=0.1, delta=0.01, alpha=0.01)
Ktb: (8, 1)
tmp: (8, 1)
time: 2.217728377
loss: 0.001131427085859147
