###################################
2022-05-15 23:43:09.227442
Namespace(ndim=1, rows=2048, cols=64, alg=3, seed=2, l2_regularization=0.001, epsilon=0.1, delta=0.01, alpha=0.01)
Ktb: (64, 1)
tmp: (64, 1)
time: 0.5961006719999999
loss: 4.4980105908260724e-05
