###################################
2022-05-16 12:04:51.775393
Namespace(ndim=2, rows=256, cols=16, alg=3, seed=1, l2_regularization=0.001, epsilon=0.1, delta=0.01, alpha=0.01)
Ktb: (256, 1)
tmp: (256, 1)
time: 0.006999978999999934
loss: 0.007484591562191793
