###################################
2022-05-16 00:52:44.795017
Namespace(ndim=2, rows=128, cols=32, alg=3, seed=3, l2_regularization=0.001, epsilon=0.1, delta=0.01, alpha=0.01)
Ktb: (1024, 1)
tmp: (1024, 1)
time: 0.0035671609999998743
loss: 0.0007442645526847836
