###################################
2022-05-15 23:38:21.853795
Namespace(ndim=1, rows=1024, cols=64, alg=3, seed=4, l2_regularization=0.001, epsilon=0.1, delta=0.01, alpha=0.01)
Ktb: (64, 1)
tmp: (64, 1)
time: 0.13513945399999994
loss: 3.112559868739188e-05
