###################################
2022-05-16 15:41:27.409358
Namespace(ndim=2, rows=8192, cols=32, alg=3, seed=0, l2_regularization=0.001, epsilon=0.1, delta=0.01, alpha=1.0, samples=1028)
Ktb: (1024, 1)
tmp: (1024, 1)
time: 18.021127898
loss: 4.177700952201325
