###################################
2022-05-16 12:07:48.802009
Namespace(ndim=2, rows=1024, cols=16, alg=3, seed=2, l2_regularization=0.001, epsilon=0.1, delta=0.01, alpha=0.01)
Ktb: (256, 1)
tmp: (256, 1)
time: 2.3964201480000002
loss: 0.12495163185698452
