###################################
2022-05-15 23:49:44.133395
Namespace(ndim=1, rows=4096, cols=128, alg=3, seed=2, l2_regularization=0.001, epsilon=0.1, delta=0.01, alpha=0.01)
Ktb: (128, 1)
tmp: (128, 1)
time: 4.242386890000001
loss: 3.950437098718919e-05
