###################################
2022-05-16 16:53:15.704880
Namespace(ndim=2, rows=4096, cols=4, alg=3, seed=0, l2_regularization=0.001, epsilon=0.1, delta=0.01, alpha=1.0, samples=1028)
Ktb: (16, 1)
tmp: (16, 1)
time: 0.10356753200000002
loss: 8.401476963689202
