###################################
2022-05-15 23:28:48.778671
Namespace(ndim=1, rows=256, cols=32, alg=3, seed=2, l2_regularization=0.001, epsilon=0.1, delta=0.01, alpha=0.01)
Ktb: (32, 1)
tmp: (32, 1)
time: 0.0045813139999999475
loss: 3.948018878467498e-05
