###################################
2022-05-16 15:47:55.325759
Namespace(ndim=2, rows=16384, cols=64, alg=3, seed=0, l2_regularization=0.001, epsilon=0.1, delta=0.01, alpha=1.0, samples=1028)
Ktb: (4096, 1)
tmp: (4096, 1)
time: 142.999571356
loss: 8.23750118386124
