###################################
2022-05-15 23:32:41.855773
Namespace(ndim=1, rows=512, cols=4, alg=3, seed=2, l2_regularization=0.001, epsilon=0.1, delta=0.01, alpha=0.01)
Ktb: (4, 1)
tmp: (4, 1)
time: 0.004962812999999899
loss: 0.0003780755813840756
