###################################
2022-05-15 23:42:01.168602
Namespace(ndim=1, rows=2048, cols=4, alg=3, seed=4, l2_regularization=0.001, epsilon=0.1, delta=0.01, alpha=0.01)
Ktb: (4, 1)
tmp: (4, 1)
time: 0.09513197200000012
loss: 0.0007504409166917837
