###################################
2022-05-16 16:52:58.689655
Namespace(ndim=2, rows=128, cols=16, alg=3, seed=0, l2_regularization=0.001, epsilon=0.1, delta=0.01, alpha=1.0, samples=1028)
Ktb: (256, 1)
tmp: (256, 1)
time: 0.0010195710000000524
loss: 0.0018908476530266308
