###################################
2022-05-16 12:01:07.651246
Namespace(ndim=2, rows=512, cols=16, alg=3, seed=0, l2_regularization=0.001, epsilon=0.1, delta=0.01, alpha=0.01)
Ktb: (256, 1)
tmp: (256, 1)
time: 0.028048238999999864
loss: 0.031309097578751145
