###################################
2022-05-15 23:28:47.690103
Namespace(ndim=1, rows=256, cols=32, alg=3, seed=0, l2_regularization=0.001, epsilon=0.1, delta=0.01, alpha=0.01)
Ktb: (32, 1)
tmp: (32, 1)
time: 0.004630112999999936
loss: 3.878254932802267e-05
