###################################
2022-05-15 23:47:20.444122
Namespace(ndim=1, rows=4096, cols=8, alg=3, seed=1, l2_regularization=0.001, epsilon=0.1, delta=0.01, alpha=0.01)
Ktb: (8, 1)
tmp: (8, 1)
time: 0.5375449029999999
loss: 0.0006428467743468727
