###################################
2022-05-16 20:45:22.389549
Namespace(ndim=2, rows=5000, cols=20, alg=3, seed=0, l2_regularization=0.001, epsilon=0.1, delta=0.01, alpha=1.0, samples=1028)
Ktb: (400, 1)
tmp: (400, 1)
time: 0.5857443200000001
loss: 2.4025263817332307
