###################################
2022-05-16 00:27:19.602034
Namespace(ndim=1, rows=16384, cols=128, alg=3, seed=4, l2_regularization=0.001, epsilon=0.1, delta=0.01, alpha=0.01)
Ktb: (128, 1)
tmp: (128, 1)
time: 68.543449795
loss: 0.00013317656486390908
