###################################
2022-05-15 23:24:13.129405
Namespace(ndim=1, rows=128, cols=32, alg=3, seed=2, l2_regularization=0.001, epsilon=0.1, delta=0.01, alpha=0.01)
Ktb: (32, 1)
tmp: (32, 1)
time: 0.0016637040000000436
loss: 3.5442466395093794e-05
