###################################
2022-05-15 23:29:08.383886
Namespace(ndim=1, rows=256, cols=64, alg=3, seed=3, l2_regularization=0.001, epsilon=0.1, delta=0.01, alpha=0.01)
Ktb: (64, 1)
tmp: (64, 1)
time: 0.008924874999999943
loss: 1.983089726240361e-05
