###################################
2022-05-16 00:38:05.892853
Namespace(ndim=2, rows=128, cols=16, alg=3, seed=4, l2_regularization=0.001, epsilon=0.1, delta=0.01, alpha=0.01)
Ktb: (256, 1)
tmp: (256, 1)
time: 0.0020617089999999116
loss: 0.001744669560063394
