###################################
2022-05-16 21:24:53.013266
Namespace(ndim=2, rows=1000, cols=20, alg=3, seed=1, l2_regularization=0.001, epsilon=0.1, delta=0.01, alpha=1.0, samples=1028)
Ktb: (400, 1)
tmp: (400, 1)
time: 0.022844794000000057
loss: 0.09896771869092418
