###################################
2022-05-16 12:06:00.624489
Namespace(ndim=2, rows=1024, cols=4, alg=3, seed=1, l2_regularization=0.001, epsilon=0.1, delta=0.01, alpha=0.01)
Ktb: (16, 1)
tmp: (16, 1)
time: 7.372973377000001
loss: 0.5166780487351609
