###################################
2022-05-16 12:01:07.041148
Namespace(ndim=2, rows=512, cols=8, alg=3, seed=0, l2_regularization=0.001, epsilon=0.1, delta=0.01, alpha=0.01)
Ktb: (64, 1)
tmp: (64, 1)
time: 0.01717503999999992
loss: 0.06062531650355835
