###################################
2022-05-15 23:29:46.296757
Namespace(ndim=1, rows=256, cols=128, alg=3, seed=0, l2_regularization=0.001, epsilon=0.1, delta=0.01, alpha=0.01)
Ktb: (128, 1)
tmp: (128, 1)
time: 0.022734634000000087
loss: 9.657945538142623e-06
