###################################
2022-05-15 23:39:00.737331
Namespace(ndim=1, rows=1024, cols=128, alg=3, seed=0, l2_regularization=0.001, epsilon=0.1, delta=0.01, alpha=0.01)
Ktb: (128, 1)
tmp: (128, 1)
time: 0.25733170299999997
loss: 1.5244082237489688e-05
