###################################
2022-05-15 23:34:22.266994
Namespace(ndim=1, rows=512, cols=128, alg=3, seed=2, l2_regularization=0.001, epsilon=0.1, delta=0.01, alpha=0.01)
Ktb: (128, 1)
tmp: (128, 1)
time: 0.06863587399999993
loss: 1.1592075823375887e-05
