###################################
2022-05-16 14:42:37.810265
Namespace(ndim=2, rows=1024, cols=8, alg=3, seed=0, l2_regularization=0.001, epsilon=0.1, delta=0.01, alpha=1.0, samples=1028)
Ktb: (64, 1)
tmp: (64, 1)
time: 0.06304771199999992
loss: 0.25307693500172135
