###################################
2022-05-15 23:28:07.379931
Namespace(ndim=1, rows=256, cols=4, alg=3, seed=3, l2_regularization=0.001, epsilon=0.1, delta=0.01, alpha=0.01)
Ktb: (4, 1)
tmp: (4, 1)
time: 0.0014203530000000963
loss: 0.00031290736411592016
