###################################
2022-05-15 23:55:38.808129
Namespace(ndim=1, rows=8192, cols=32, alg=3, seed=3, l2_regularization=0.001, epsilon=0.1, delta=0.01, alpha=0.01)
Ktb: (32, 1)
tmp: (32, 1)
time: 5.084061342
loss: 0.0002887183940347249
