###################################
2022-05-16 12:02:24.328594
Namespace(ndim=2, rows=1024, cols=128, alg=3, seed=0, l2_regularization=0.001, epsilon=0.1, delta=0.01, alpha=0.01)
Ktb: (16384, 1)
tmp: (16384, 1)
time: 4.833958537
loss: 0.013494772986340843
