###################################
2022-05-15 23:48:43.183278
Namespace(ndim=1, rows=4096, cols=64, alg=3, seed=4, l2_regularization=0.001, epsilon=0.1, delta=0.01, alpha=0.01)
Ktb: (64, 1)
tmp: (64, 1)
time: 2.167631965
loss: 7.743001269597709e-05
