###################################
2022-05-16 12:05:14.168206
Namespace(ndim=2, rows=512, cols=32, alg=3, seed=4, l2_regularization=0.001, epsilon=0.1, delta=0.01, alpha=0.01)
Ktb: (1024, 1)
tmp: (1024, 1)
time: 0.04618641499999998
loss: 0.014963037192255158
