###################################
2022-05-15 23:37:46.872967
Namespace(ndim=1, rows=1024, cols=16, alg=3, seed=4, l2_regularization=0.001, epsilon=0.1, delta=0.01, alpha=0.01)
Ktb: (16, 1)
tmp: (16, 1)
time: 0.03979169799999993
loss: 0.00012622804225556272
