###################################
2022-05-16 00:37:22.567516
Namespace(ndim=2, rows=128, cols=8, alg=3, seed=0, l2_regularization=0.001, epsilon=0.1, delta=0.01, alpha=0.01)
Ktb: (64, 1)
tmp: (64, 1)
time: 0.001324295999999947
loss: 0.0033249041057131306
