###################################
2022-05-16 12:05:03.131145
Namespace(ndim=2, rows=512, cols=2, alg=3, seed=2, l2_regularization=0.001, epsilon=0.1, delta=0.01, alpha=0.01)
Ktb: (4, 1)
tmp: (4, 1)
time: 0.007985523000000105
loss: 0.24825034212950414
