###################################
2022-05-16 12:04:43.477905
Namespace(ndim=2, rows=128, cols=128, alg=3, seed=3, l2_regularization=0.001, epsilon=0.1, delta=0.01, alpha=0.01)
Ktb: (16384, 1)
tmp: (16384, 1)
time: 0.0288425280000002
loss: 8.514698148901822e-06
