###################################
2022-05-16 12:01:03.502774
Namespace(ndim=2, rows=256, cols=16, alg=3, seed=0, l2_regularization=0.001, epsilon=0.1, delta=0.01, alpha=0.01)
Ktb: (256, 1)
tmp: (256, 1)
time: 0.005517253999999916
loss: 0.007709402393177186
