###################################
2022-05-15 23:24:11.994158
Namespace(ndim=1, rows=128, cols=32, alg=3, seed=0, l2_regularization=0.001, epsilon=0.1, delta=0.01, alpha=0.01)
Ktb: (32, 1)
tmp: (32, 1)
time: 0.0016676329999998352
loss: 3.5014875990535495e-05
