###################################
2022-05-15 23:23:17.538264
Namespace(ndim=1, rows=128, cols=2, alg=3, seed=2, l2_regularization=0.001, epsilon=0.1, delta=0.01, alpha=0.01)
Ktb: (2, 1)
tmp: (2, 1)
time: 0.0006593660000000501
loss: 0.0005666109337793305
