###################################
2022-05-15 23:37:18.945852
Namespace(ndim=1, rows=1024, cols=4, alg=3, seed=4, l2_regularization=0.001, epsilon=0.1, delta=0.01, alpha=0.01)
Ktb: (4, 1)
tmp: (4, 1)
time: 0.02015508399999999
loss: 0.000498846356400968
