###################################
2022-05-16 12:05:02.375648
Namespace(ndim=2, rows=512, cols=2, alg=3, seed=1, l2_regularization=0.001, epsilon=0.1, delta=0.01, alpha=0.01)
Ktb: (4, 1)
tmp: (4, 1)
time: 0.008490679999999973
loss: 0.25362549004967977
