###################################
2022-05-16 12:01:02.918733
Namespace(ndim=2, rows=256, cols=8, alg=3, seed=0, l2_regularization=0.001, epsilon=0.1, delta=0.01, alpha=0.01)
Ktb: (64, 1)
tmp: (64, 1)
time: 0.003466480999999799
loss: 0.015104338066115474
