###################################
2022-05-16 00:36:54.952648
Namespace(ndim=2, rows=128, cols=2, alg=3, seed=1, l2_regularization=0.001, epsilon=0.1, delta=0.01, alpha=0.01)
Ktb: (4, 1)
tmp: (4, 1)
time: 0.0008825190000001371
loss: 0.014960215864884227
