###################################
2022-05-16 12:05:06.702085
Namespace(ndim=2, rows=512, cols=4, alg=3, seed=4, l2_regularization=0.001, epsilon=0.1, delta=0.01, alpha=0.01)
Ktb: (16, 1)
tmp: (16, 1)
time: 0.010787255999999967
loss: 0.12696381085887418
