###################################
2022-05-16 16:54:22.622413
Namespace(ndim=2, rows=8192, cols=64, alg=3, seed=0, l2_regularization=0.001, epsilon=0.1, delta=0.01, alpha=1.0, samples=1028)
Ktb: (4096, 1)
tmp: (4096, 1)
time: 14.513709570000001
loss: 2.0734545955511776
