###################################
2022-05-15 23:32:29.043769
Namespace(ndim=1, rows=512, cols=2, alg=3, seed=3, l2_regularization=0.001, epsilon=0.1, delta=0.01, alpha=0.01)
Ktb: (2, 1)
tmp: (2, 1)
time: 0.0036438589999998605
loss: 0.0007706219073017542
