###################################
2022-05-15 23:43:10.350407
Namespace(ndim=1, rows=2048, cols=64, alg=3, seed=3, l2_regularization=0.001, epsilon=0.1, delta=0.01, alpha=0.01)
Ktb: (64, 1)
tmp: (64, 1)
time: 0.59126324
loss: 4.720851669771475e-05
