###################################
2022-05-16 12:04:58.470093
Namespace(ndim=2, rows=256, cols=64, alg=3, seed=4, l2_regularization=0.001, epsilon=0.1, delta=0.01, alpha=0.01)
Ktb: (4096, 1)
tmp: (4096, 1)
time: 0.02351817299999981
loss: 0.0015308657276935941
