###################################
2022-05-16 12:12:48.165226
Namespace(ndim=2, rows=1024, cols=64, alg=3, seed=4, l2_regularization=0.001, epsilon=0.1, delta=0.01, alpha=0.01)
Ktb: (4096, 1)
tmp: (4096, 1)
time: 0.3478573590000025
loss: 0.029740924622160127
