###################################
2022-05-15 23:53:07.022719
Namespace(ndim=1, rows=8192, cols=2, alg=3, seed=4, l2_regularization=0.001, epsilon=0.1, delta=0.01, alpha=0.01)
Ktb: (2, 1)
tmp: (2, 1)
time: 1.5044230640000003
loss: 0.0045619743222316605
