###################################
2022-05-15 23:23:30.410423
Namespace(ndim=1, rows=128, cols=4, alg=3, seed=0, l2_regularization=0.001, epsilon=0.1, delta=0.01, alpha=0.01)
Ktb: (4, 1)
tmp: (4, 1)
time: 0.0007085289999999578
loss: 0.0002874590854730058
