###################################
2022-05-15 23:28:21.290393
Namespace(ndim=1, rows=256, cols=8, alg=3, seed=4, l2_regularization=0.001, epsilon=0.1, delta=0.01, alpha=0.01)
Ktb: (8, 1)
tmp: (8, 1)
time: 0.0018621960000000382
loss: 0.00015443691514174172
