###################################
2022-05-15 23:23:31.576397
Namespace(ndim=1, rows=128, cols=4, alg=3, seed=2, l2_regularization=0.001, epsilon=0.1, delta=0.01, alpha=0.01)
Ktb: (4, 1)
tmp: (4, 1)
time: 0.0006763389999999703
loss: 0.0002842293264363692
