###################################
2022-05-15 23:46:47.617777
Namespace(ndim=1, rows=4096, cols=2, alg=3, seed=3, l2_regularization=0.001, epsilon=0.1, delta=0.01, alpha=0.01)
Ktb: (2, 1)
tmp: (2, 1)
time: 0.3394989319999999
loss: 0.0024790983994090877
