###################################
2022-05-15 23:32:40.810099
Namespace(ndim=1, rows=512, cols=4, alg=3, seed=0, l2_regularization=0.001, epsilon=0.1, delta=0.01, alpha=0.01)
Ktb: (4, 1)
tmp: (4, 1)
time: 0.0051575379999999615
loss: 0.000374342468090117
