###################################
2022-05-16 12:04:42.853411
Namespace(ndim=2, rows=128, cols=128, alg=3, seed=2, l2_regularization=0.001, epsilon=0.1, delta=0.01, alpha=0.01)
Ktb: (16384, 1)
tmp: (16384, 1)
time: 0.028824285000000005
loss: 9.69287407563836e-06
