###################################
2022-05-15 23:42:15.023385
Namespace(ndim=1, rows=2048, cols=8, alg=3, seed=3, l2_regularization=0.001, epsilon=0.1, delta=0.01, alpha=0.01)
Ktb: (8, 1)
tmp: (8, 1)
time: 0.13180639799999994
loss: 0.0003718745363619705
