###################################
2022-05-16 00:18:17.313979
Namespace(ndim=1, rows=16384, cols=64, alg=3, seed=4, l2_regularization=0.001, epsilon=0.1, delta=0.01, alpha=0.01)
Ktb: (64, 1)
tmp: (64, 1)
time: 37.290163161
loss: 0.0002696342793519716
