###################################
2022-05-16 00:38:04.266553
Namespace(ndim=2, rows=128, cols=16, alg=3, seed=1, l2_regularization=0.001, epsilon=0.1, delta=0.01, alpha=0.01)
Ktb: (256, 1)
tmp: (256, 1)
time: 0.0023013139999998877
loss: 0.0018102522210781138
