###################################
2022-05-15 23:28:34.521096
Namespace(ndim=1, rows=256, cols=16, alg=3, seed=3, l2_regularization=0.001, epsilon=0.1, delta=0.01, alpha=0.01)
Ktb: (16, 1)
tmp: (16, 1)
time: 0.0027003190000001176
loss: 7.813391002644783e-05
