###################################
2022-05-15 23:37:02.834101
Namespace(ndim=1, rows=1024, cols=2, alg=3, seed=0, l2_regularization=0.001, epsilon=0.1, delta=0.01, alpha=0.01)
Ktb: (2, 1)
tmp: (2, 1)
time: 0.01497349800000003
loss: 0.0009830891561435821
