###################################
2022-05-16 12:07:04.738924
Namespace(ndim=2, rows=1024, cols=8, alg=3, seed=3, l2_regularization=0.001, epsilon=0.1, delta=0.01, alpha=0.01)
Ktb: (64, 1)
tmp: (64, 1)
time: 10.063624533
loss: 0.2512200102608444
