###################################
2022-05-15 23:23:16.441374
Namespace(ndim=1, rows=128, cols=2, alg=3, seed=0, l2_regularization=0.001, epsilon=0.1, delta=0.01, alpha=0.01)
Ktb: (2, 1)
tmp: (2, 1)
time: 0.0006491479999999328
loss: 0.000561194541640814
