###################################
2022-05-15 23:38:19.166297
Namespace(ndim=1, rows=1024, cols=64, alg=3, seed=0, l2_regularization=0.001, epsilon=0.1, delta=0.01, alpha=0.01)
Ktb: (64, 1)
tmp: (64, 1)
time: 0.13227013399999987
loss: 3.218249167746594e-05
