###################################
2022-05-16 12:05:20.840101
Namespace(ndim=2, rows=1024, cols=2, alg=3, seed=1, l2_regularization=0.001, epsilon=0.1, delta=0.01, alpha=0.01)
Ktb: (4, 1)
tmp: (4, 1)
time: 3.912244009
loss: 1.0113849472762673
