###################################
2022-05-16 12:04:39.904663
Namespace(ndim=2, rows=128, cols=64, alg=3, seed=2, l2_regularization=0.001, epsilon=0.1, delta=0.01, alpha=0.01)
Ktb: (4096, 1)
tmp: (4096, 1)
time: 0.011892853999999953
loss: 0.0002692957571331459
