###################################
2022-05-16 12:01:06.497003
Namespace(ndim=2, rows=512, cols=4, alg=3, seed=0, l2_regularization=0.001, epsilon=0.1, delta=0.01, alpha=0.01)
Ktb: (16, 1)
tmp: (16, 1)
time: 0.01075101200000006
loss: 0.13079423989840966
