###################################
2022-05-15 23:24:33.411682
Namespace(ndim=1, rows=128, cols=64, alg=3, seed=4, l2_regularization=0.001, epsilon=0.1, delta=0.01, alpha=0.01)
Ktb: (64, 1)
tmp: (64, 1)
time: 0.003498993000000006
loss: 1.7433933521050193e-05
