###################################
2022-05-16 00:07:15.323603
Namespace(ndim=1, rows=16384, cols=8, alg=3, seed=0, l2_regularization=0.001, epsilon=0.1, delta=0.01, alpha=0.01)
Ktb: (8, 1)
tmp: (8, 1)
time: 10.305046031
loss: 0.0021901785460385886
