###################################
2022-05-16 21:24:43.590634
Namespace(ndim=2, rows=1000, cols=10, alg=3, seed=2, l2_regularization=0.001, epsilon=0.1, delta=0.01, alpha=1.0, samples=1028)
Ktb: (100, 1)
tmp: (100, 1)
time: 0.014237475999999916
loss: 0.20818515141638166
