###################################
2022-05-16 00:37:07.750065
Namespace(ndim=2, rows=128, cols=4, alg=3, seed=0, l2_regularization=0.001, epsilon=0.1, delta=0.01, alpha=0.01)
Ktb: (16, 1)
tmp: (16, 1)
time: 0.0010515639999999493
loss: 0.008471526997321973
