###################################
2022-05-16 12:02:04.268625
Namespace(ndim=2, rows=1024, cols=64, alg=3, seed=0, l2_regularization=0.001, epsilon=0.1, delta=0.01, alpha=0.01)
Ktb: (4096, 1)
tmp: (4096, 1)
time: 8.797194627
loss: 0.03072528678675282
