###################################
2022-05-15 23:55:21.714668
Namespace(ndim=1, rows=8192, cols=32, alg=3, seed=0, l2_regularization=0.001, epsilon=0.1, delta=0.01, alpha=0.01)
Ktb: (32, 1)
tmp: (32, 1)
time: 5.22015805
loss: 0.00028702084658256574
