###################################
2022-05-15 23:54:38.529133
Namespace(ndim=1, rows=8192, cols=16, alg=3, seed=1, l2_regularization=0.001, epsilon=0.1, delta=0.01, alpha=0.01)
Ktb: (16, 1)
tmp: (16, 1)
time: 3.2735689939999997
loss: 0.0005682764508056136
