###################################
2022-05-16 12:04:44.697490
Namespace(ndim=2, rows=256, cols=2, alg=3, seed=1, l2_regularization=0.001, epsilon=0.1, delta=0.01, alpha=0.01)
Ktb: (4, 1)
tmp: (4, 1)
time: 0.0036955009999999344
loss: 0.059586875929850056
