###################################
2022-05-16 12:05:11.675472
Namespace(ndim=2, rows=512, cols=16, alg=3, seed=4, l2_regularization=0.001, epsilon=0.1, delta=0.01, alpha=0.01)
Ktb: (256, 1)
tmp: (256, 1)
time: 0.024878095999999905
loss: 0.03170059059830771
