###################################
2022-05-16 21:26:12.909710
Namespace(ndim=2, rows=1000, cols=40, alg=3, seed=2, l2_regularization=0.001, epsilon=0.1, delta=0.01, alpha=1.0, samples=1028)
Ktb: (1600, 1)
tmp: (1600, 1)
time: 0.051940396
loss: 0.047211120269285416
