###################################
2022-05-16 14:41:49.576242
Namespace(ndim=2, rows=8192, cols=4, alg=3, seed=0, l2_regularization=0.001, epsilon=0.1, delta=0.01, alpha=1.0, samples=1028)
Ktb: (16, 1)
tmp: (16, 1)
time: 3.8375450879999997
loss: 33.437936783858476
