###################################
2022-05-16 00:37:08.810430
Namespace(ndim=2, rows=128, cols=4, alg=3, seed=2, l2_regularization=0.001, epsilon=0.1, delta=0.01, alpha=0.01)
Ktb: (16, 1)
tmp: (16, 1)
time: 0.0010759870000001115
loss: 0.007729669489435895
