###################################
2022-05-16 16:53:18.412374
Namespace(ndim=2, rows=4096, cols=32, alg=3, seed=0, l2_regularization=0.001, epsilon=0.1, delta=0.01, alpha=1.0, samples=1028)
Ktb: (1024, 1)
tmp: (1024, 1)
time: 1.128951463
loss: 1.043393833172469
