###################################
2022-05-16 12:01:56.285694
Namespace(ndim=2, rows=1024, cols=32, alg=3, seed=0, l2_regularization=0.001, epsilon=0.1, delta=0.01, alpha=0.01)
Ktb: (1024, 1)
tmp: (1024, 1)
time: 4.480012437
loss: 0.06711096892602254
