###################################
2022-05-16 12:08:55.134784
Namespace(ndim=2, rows=1024, cols=32, alg=3, seed=3, l2_regularization=0.001, epsilon=0.1, delta=0.01, alpha=0.01)
Ktb: (1024, 1)
tmp: (1024, 1)
time: 10.957126667
loss: 0.0641425458311765
