###################################
2022-05-16 00:17:01.620186
Namespace(ndim=1, rows=16384, cols=64, alg=3, seed=2, l2_regularization=0.001, epsilon=0.1, delta=0.01, alpha=0.01)
Ktb: (64, 1)
tmp: (64, 1)
time: 37.415057495999996
loss: 0.0002725422020351941
