###################################
2022-05-16 00:23:52.003955
Namespace(ndim=1, rows=16384, cols=128, alg=3, seed=1, l2_regularization=0.001, epsilon=0.1, delta=0.01, alpha=0.01)
Ktb: (128, 1)
tmp: (128, 1)
time: 68.66151682099999
loss: 0.00013654550425278852
