###################################
2022-05-16 00:25:01.260021
Namespace(ndim=1, rows=16384, cols=128, alg=3, seed=2, l2_regularization=0.001, epsilon=0.1, delta=0.01, alpha=0.01)
Ktb: (128, 1)
tmp: (128, 1)
time: 68.61376344199999
loss: 0.00013692787233258067
