###################################
2022-05-15 23:37:18.379642
Namespace(ndim=1, rows=1024, cols=4, alg=3, seed=3, l2_regularization=0.001, epsilon=0.1, delta=0.01, alpha=0.01)
Ktb: (4, 1)
tmp: (4, 1)
time: 0.017483087000000008
loss: 0.000500416279136632
