###################################
2022-05-16 16:55:50.066774
Namespace(ndim=2, rows=16384, cols=64, alg=3, seed=0, l2_regularization=0.001, epsilon=0.1, delta=0.01, alpha=1.0, samples=1028)
Ktb: (4096, 1)
tmp: (4096, 1)
time: 67.003685468
loss: 8.237501192840462
