###################################
2022-05-16 16:54:07.340420
Namespace(ndim=2, rows=8192, cols=8, alg=3, seed=0, l2_regularization=0.001, epsilon=0.1, delta=0.01, alpha=1.0, samples=1028)
Ktb: (64, 1)
tmp: (64, 1)
time: 0.6759736139999999
loss: 16.900935475105474
