###################################
2022-05-15 23:39:03.052516
Namespace(ndim=1, rows=1024, cols=128, alg=3, seed=3, l2_regularization=0.001, epsilon=0.1, delta=0.01, alpha=0.01)
Ktb: (128, 1)
tmp: (128, 1)
time: 0.21820315700000004
loss: 1.5596576851202918e-05
