###################################
2022-05-16 12:05:45.555335
Namespace(ndim=2, rows=1024, cols=2, alg=3, seed=4, l2_regularization=0.001, epsilon=0.1, delta=0.01, alpha=0.01)
Ktb: (4, 1)
tmp: (4, 1)
time: 13.601982618000001
loss: 0.979060200545043
