###################################
2022-05-15 23:33:24.140991
Namespace(ndim=1, rows=512, cols=32, alg=3, seed=4, l2_regularization=0.001, epsilon=0.1, delta=0.01, alpha=0.01)
Ktb: (32, 1)
tmp: (32, 1)
time: 0.021047873999999966
loss: 4.714819539173413e-05
