###################################
2022-05-16 21:22:59.036684
Namespace(ndim=2, rows=10000, cols=10, alg=3, seed=0, l2_regularization=0.001, epsilon=0.1, delta=0.01, alpha=1.0, samples=1028)
Ktb: (100, 1)
tmp: (100, 1)
time: 1.2270897230000002
loss: 19.39332500515439
