###################################
2022-05-16 12:23:07.066530
Namespace(ndim=2, rows=2048, cols=64, alg=3, seed=0, l2_regularization=0.001, epsilon=0.1, delta=0.01, alpha=1.0, samples=1028)
Ktb: (4096, 1)
tmp: (4096, 1)
time: 1.739561785
loss: 0.12326635711668997
