###################################
2022-05-15 23:29:08.915401
Namespace(ndim=1, rows=256, cols=64, alg=3, seed=4, l2_regularization=0.001, epsilon=0.1, delta=0.01, alpha=0.01)
Ktb: (64, 1)
tmp: (64, 1)
time: 0.01139051400000013
loss: 1.942438379535401e-05
