###################################
2022-05-15 23:46:45.078041
Namespace(ndim=1, rows=4096, cols=2, alg=3, seed=0, l2_regularization=0.001, epsilon=0.1, delta=0.01, alpha=0.01)
Ktb: (2, 1)
tmp: (2, 1)
time: 0.34023031400000003
loss: 0.0024787159520671853
