###################################
2022-05-16 15:13:07.586044
Namespace(ndim=2, rows=8192, cols=16, alg=3, seed=0, l2_regularization=0.001, epsilon=0.1, delta=0.01, alpha=1.0, samples=1028)
Ktb: (256, 1)
tmp: (256, 1)
time: 8.938151141
loss: 8.260119550265374
