###################################
2022-05-15 23:53:02.895709
Namespace(ndim=1, rows=8192, cols=2, alg=3, seed=2, l2_regularization=0.001, epsilon=0.1, delta=0.01, alpha=0.01)
Ktb: (2, 1)
tmp: (2, 1)
time: 1.525473905
loss: 0.004669886897169406
