###################################
2022-05-16 00:06:14.224470
Namespace(ndim=1, rows=16384, cols=4, alg=3, seed=4, l2_regularization=0.001, epsilon=0.1, delta=0.01, alpha=0.01)
Ktb: (4, 1)
tmp: (4, 1)
time: 8.32400911
loss: 0.004383913967940897
