###################################
2022-05-16 21:26:57.322269
Namespace(ndim=2, rows=2500, cols=10, alg=3, seed=2, l2_regularization=0.001, epsilon=0.1, delta=0.01, alpha=1.0, samples=1028)
Ktb: (100, 1)
tmp: (100, 1)
time: 0.07737213500000006
loss: 1.2572551370644607
