###################################
2022-05-15 23:54:46.155304
Namespace(ndim=1, rows=8192, cols=16, alg=3, seed=3, l2_regularization=0.001, epsilon=0.1, delta=0.01, alpha=0.01)
Ktb: (16, 1)
tmp: (16, 1)
time: 3.1744074299999996
loss: 0.0005783538604427989
