###################################
2022-05-15 23:38:21.167503
Namespace(ndim=1, rows=1024, cols=64, alg=3, seed=3, l2_regularization=0.001, epsilon=0.1, delta=0.01, alpha=0.01)
Ktb: (64, 1)
tmp: (64, 1)
time: 0.13741058399999995
loss: 3.157167646284674e-05
