###################################
2022-05-15 23:29:07.856821
Namespace(ndim=1, rows=256, cols=64, alg=3, seed=2, l2_regularization=0.001, epsilon=0.1, delta=0.01, alpha=0.01)
Ktb: (64, 1)
tmp: (64, 1)
time: 0.00903727200000004
loss: 1.9776489515869478e-05
