###################################
2022-05-16 12:10:06.556488
Namespace(ndim=2, rows=1024, cols=64, alg=3, seed=3, l2_regularization=0.001, epsilon=0.1, delta=0.01, alpha=0.01)
Ktb: (4096, 1)
tmp: (4096, 1)
time: 4.997050321
loss: 0.03094812823285674
