###################################
2022-05-15 23:28:19.073186
Namespace(ndim=1, rows=256, cols=8, alg=3, seed=0, l2_regularization=0.001, epsilon=0.1, delta=0.01, alpha=0.01)
Ktb: (8, 1)
tmp: (8, 1)
time: 0.0019034589999999962
loss: 0.00015242644146333675
