###################################
2022-05-15 23:33:08.106172
Namespace(ndim=1, rows=512, cols=16, alg=3, seed=1, l2_regularization=0.001, epsilon=0.1, delta=0.01, alpha=0.01)
Ktb: (16, 1)
tmp: (16, 1)
time: 0.010117871999999917
loss: 9.29375967065029e-05
