###################################
2022-05-16 15:41:26.455412
Namespace(ndim=2, rows=1024, cols=64, alg=3, seed=0, l2_regularization=0.001, epsilon=0.1, delta=0.01, alpha=1.0, samples=1028)
Ktb: (4096, 1)
tmp: (4096, 1)
time: 0.3611140829999999
loss: 0.03072528678675282
