###################################
2022-05-16 12:04:49.428230
Namespace(ndim=2, rows=256, cols=8, alg=3, seed=1, l2_regularization=0.001, epsilon=0.1, delta=0.01, alpha=0.01)
Ktb: (64, 1)
tmp: (64, 1)
time: 0.003992008999999963
loss: 0.017003962771633147
