###################################
2022-05-15 23:42:30.089791
Namespace(ndim=1, rows=2048, cols=16, alg=3, seed=3, l2_regularization=0.001, epsilon=0.1, delta=0.01, alpha=0.01)
Ktb: (16, 1)
tmp: (16, 1)
time: 0.20064394500000016
loss: 0.00018936231391619338
