###################################
2022-05-16 12:05:09.798142
Namespace(ndim=2, rows=512, cols=16, alg=3, seed=1, l2_regularization=0.001, epsilon=0.1, delta=0.01, alpha=0.01)
Ktb: (256, 1)
tmp: (256, 1)
time: 0.03215473400000013
loss: 0.03203546835267167
