###################################
2022-05-16 16:54:09.177646
Namespace(ndim=2, rows=8192, cols=16, alg=3, seed=0, l2_regularization=0.001, epsilon=0.1, delta=0.01, alpha=1.0, samples=1028)
Ktb: (256, 1)
tmp: (256, 1)
time: 2.2857929539999997
loss: 8.260119550266168
