###################################
2022-05-15 23:28:07.905265
Namespace(ndim=1, rows=256, cols=4, alg=3, seed=4, l2_regularization=0.001, epsilon=0.1, delta=0.01, alpha=0.01)
Ktb: (4, 1)
tmp: (4, 1)
time: 0.001455536000000146
loss: 0.00030850665257598365
