###################################
2022-05-16 21:23:05.942420
Namespace(ndim=2, rows=10000, cols=20, alg=3, seed=0, l2_regularization=0.001, epsilon=0.1, delta=0.01, alpha=1.0, samples=1028)
Ktb: (400, 1)
tmp: (400, 1)
time: 2.5895211469999997
loss: 9.743950067293952
