###################################
2022-05-16 12:05:32.022541
Namespace(ndim=2, rows=1024, cols=2, alg=3, seed=2, l2_regularization=0.001, epsilon=0.1, delta=0.01, alpha=0.01)
Ktb: (4, 1)
tmp: (4, 1)
time: 2.122889067
loss: 1.0664902087798442
