###################################
2022-05-15 23:39:01.526940
Namespace(ndim=1, rows=1024, cols=128, alg=3, seed=1, l2_regularization=0.001, epsilon=0.1, delta=0.01, alpha=0.01)
Ktb: (128, 1)
tmp: (128, 1)
time: 0.252226936
loss: 1.5797609898022722e-05
