###################################
2022-05-15 23:42:45.522970
Namespace(ndim=1, rows=2048, cols=32, alg=3, seed=1, l2_regularization=0.001, epsilon=0.1, delta=0.01, alpha=0.01)
Ktb: (32, 1)
tmp: (32, 1)
time: 0.337335089
loss: 9.545742744993534e-05
