###################################
2022-05-16 12:04:54.811091
Namespace(ndim=2, rows=256, cols=32, alg=3, seed=2, l2_regularization=0.001, epsilon=0.1, delta=0.01, alpha=0.01)
Ktb: (1024, 1)
tmp: (1024, 1)
time: 0.011350517000000115
loss: 0.0034648570689826594
