###################################
2022-05-15 23:38:19.829264
Namespace(ndim=1, rows=1024, cols=64, alg=3, seed=1, l2_regularization=0.001, epsilon=0.1, delta=0.01, alpha=0.01)
Ktb: (64, 1)
tmp: (64, 1)
time: 0.1351188590000001
loss: 3.159628374537629e-05
