###################################
2022-05-15 23:28:06.851792
Namespace(ndim=1, rows=256, cols=4, alg=3, seed=2, l2_regularization=0.001, epsilon=0.1, delta=0.01, alpha=0.01)
Ktb: (4, 1)
tmp: (4, 1)
time: 0.001436213000000075
loss: 0.0003109761639894589
