###################################
2022-05-15 23:23:44.978362
Namespace(ndim=1, rows=128, cols=8, alg=3, seed=2, l2_regularization=0.001, epsilon=0.1, delta=0.01, alpha=0.01)
Ktb: (8, 1)
tmp: (8, 1)
time: 0.0008249689999999532
loss: 0.0001395372050377095
