###################################
2022-05-16 12:09:14.400735
Namespace(ndim=2, rows=1024, cols=32, alg=3, seed=4, l2_regularization=0.001, epsilon=0.1, delta=0.01, alpha=0.01)
Ktb: (1024, 1)
tmp: (1024, 1)
time: 3.367782624
loss: 0.06100229699046866
