###################################
2022-05-16 12:08:16.018770
Namespace(ndim=2, rows=1024, cols=16, alg=3, seed=4, l2_regularization=0.001, epsilon=0.1, delta=0.01, alpha=0.01)
Ktb: (256, 1)
tmp: (256, 1)
time: 3.799643328
loss: 0.12526145367592997
