###################################
2022-05-15 23:42:00.546542
Namespace(ndim=1, rows=2048, cols=4, alg=3, seed=3, l2_regularization=0.001, epsilon=0.1, delta=0.01, alpha=0.01)
Ktb: (4, 1)
tmp: (4, 1)
time: 0.09685850699999987
loss: 0.000727925264990495
