###################################
2022-05-15 23:59:18.059830
Namespace(ndim=1, rows=8192, cols=128, alg=3, seed=2, l2_regularization=0.001, epsilon=0.1, delta=0.01, alpha=0.01)
Ktb: (128, 1)
tmp: (128, 1)
time: 16.693304379
loss: 7.172534863736485e-05
