###################################
2022-05-15 23:47:42.232914
Namespace(ndim=1, rows=4096, cols=16, alg=3, seed=3, l2_regularization=0.001, epsilon=0.1, delta=0.01, alpha=0.01)
Ktb: (16, 1)
tmp: (16, 1)
time: 0.8167270289999999
loss: 0.0003225005384237634
