###################################
2022-05-15 23:42:28.599534
Namespace(ndim=1, rows=2048, cols=16, alg=3, seed=1, l2_regularization=0.001, epsilon=0.1, delta=0.01, alpha=0.01)
Ktb: (16, 1)
tmp: (16, 1)
time: 0.19966146100000004
loss: 0.00018888018684955216
