###################################
2022-05-16 12:05:20.027150
Namespace(ndim=2, rows=512, cols=128, alg=3, seed=4, l2_regularization=0.001, epsilon=0.1, delta=0.01, alpha=0.01)
Ktb: (16384, 1)
tmp: (16384, 1)
time: 0.203161457
loss: 0.002823956901503557
