###################################
2022-05-16 12:04:46.514807
Namespace(ndim=2, rows=256, cols=2, alg=3, seed=4, l2_regularization=0.001, epsilon=0.1, delta=0.01, alpha=0.01)
Ktb: (4, 1)
tmp: (4, 1)
time: 0.0025384559999999112
loss: 0.05690450764495469
