###################################
2022-05-16 12:05:03.744359
Namespace(ndim=2, rows=512, cols=2, alg=3, seed=3, l2_regularization=0.001, epsilon=0.1, delta=0.01, alpha=0.01)
Ktb: (4, 1)
tmp: (4, 1)
time: 0.009468625000000008
loss: 0.26635318543836195
