###################################
2022-05-15 23:42:14.343438
Namespace(ndim=1, rows=2048, cols=8, alg=3, seed=2, l2_regularization=0.001, epsilon=0.1, delta=0.01, alpha=0.01)
Ktb: (8, 1)
tmp: (8, 1)
time: 0.13316127499999997
loss: 0.00037992035533451513
