###################################
2022-05-16 00:11:47.073290
Namespace(ndim=1, rows=16384, cols=32, alg=3, seed=0, l2_regularization=0.001, epsilon=0.1, delta=0.01, alpha=0.01)
Ktb: (32, 1)
tmp: (32, 1)
time: 22.116485396999998
loss: 0.0005423868058748029
