###################################
2022-05-16 00:52:43.664653
Namespace(ndim=2, rows=128, cols=32, alg=3, seed=1, l2_regularization=0.001, epsilon=0.1, delta=0.01, alpha=0.01)
Ktb: (1024, 1)
tmp: (1024, 1)
time: 0.003522782999999974
loss: 0.0006845456808676311
