###################################
2022-05-16 21:24:53.588886
Namespace(ndim=2, rows=1000, cols=20, alg=3, seed=2, l2_regularization=0.001, epsilon=0.1, delta=0.01, alpha=1.0, samples=1028)
Ktb: (400, 1)
tmp: (400, 1)
time: 0.028055305000000086
loss: 0.09595499427538538
