###################################
2022-05-16 00:36:54.431434
Namespace(ndim=2, rows=128, cols=2, alg=3, seed=0, l2_regularization=0.001, epsilon=0.1, delta=0.01, alpha=0.01)
Ktb: (4, 1)
tmp: (4, 1)
time: 0.000881244999999975
loss: 0.016410838927554145
