###################################
2022-05-15 23:57:00.894346
Namespace(ndim=1, rows=8192, cols=64, alg=3, seed=3, l2_regularization=0.001, epsilon=0.1, delta=0.01, alpha=0.01)
Ktb: (64, 1)
tmp: (64, 1)
time: 9.037462869999999
loss: 0.00014341862437955408
