###################################
2022-05-16 16:52:59.221679
Namespace(ndim=2, rows=128, cols=32, alg=3, seed=0, l2_regularization=0.001, epsilon=0.1, delta=0.01, alpha=1.0, samples=1028)
Ktb: (1024, 1)
tmp: (1024, 1)
time: 0.0019287889999999308
loss: 0.000724699993358137
