###################################
2022-05-16 00:05:48.181456
Namespace(ndim=1, rows=16384, cols=4, alg=3, seed=1, l2_regularization=0.001, epsilon=0.1, delta=0.01, alpha=0.01)
Ktb: (4, 1)
tmp: (4, 1)
time: 8.112553576
loss: 0.004246334141425807
