###################################
2022-05-15 23:29:07.307952
Namespace(ndim=1, rows=256, cols=64, alg=3, seed=1, l2_regularization=0.001, epsilon=0.1, delta=0.01, alpha=0.01)
Ktb: (64, 1)
tmp: (64, 1)
time: 0.008834067000000001
loss: 1.954120602923243e-05
