###################################
2022-05-16 00:09:11.110409
Namespace(ndim=1, rows=16384, cols=16, alg=3, seed=0, l2_regularization=0.001, epsilon=0.1, delta=0.01, alpha=0.01)
Ktb: (16, 1)
tmp: (16, 1)
time: 14.163612392
loss: 0.0010720240188433713
