###################################
2022-05-15 23:37:31.121973
Namespace(ndim=1, rows=1024, cols=8, alg=3, seed=1, l2_regularization=0.001, epsilon=0.1, delta=0.01, alpha=0.01)
Ktb: (8, 1)
tmp: (8, 1)
time: 0.02484508299999999
loss: 0.0002576128426682685
