###################################
2022-05-16 00:07:36.707070
Namespace(ndim=1, rows=16384, cols=8, alg=3, seed=2, l2_regularization=0.001, epsilon=0.1, delta=0.01, alpha=0.01)
Ktb: (8, 1)
tmp: (8, 1)
time: 10.154051897999999
loss: 0.002178816977336576
