###################################
2022-05-15 23:38:20.505886
Namespace(ndim=1, rows=1024, cols=64, alg=3, seed=2, l2_regularization=0.001, epsilon=0.1, delta=0.01, alpha=0.01)
Ktb: (64, 1)
tmp: (64, 1)
time: 0.13678634699999992
loss: 3.0652253880573456e-05
