###################################
2022-05-15 23:23:59.490384
Namespace(ndim=1, rows=128, cols=16, alg=3, seed=4, l2_regularization=0.001, epsilon=0.1, delta=0.01, alpha=0.01)
Ktb: (16, 1)
tmp: (16, 1)
time: 0.0010481490000000537
loss: 6.947211842593497e-05
