###################################
2022-05-15 23:53:29.734035
Namespace(ndim=1, rows=8192, cols=4, alg=3, seed=1, l2_regularization=0.001, epsilon=0.1, delta=0.01, alpha=0.01)
Ktb: (4, 1)
tmp: (4, 1)
time: 1.7862903089999997
loss: 0.0022478536209058417
