###################################
2022-05-15 23:34:23.460567
Namespace(ndim=1, rows=512, cols=128, alg=3, seed=4, l2_regularization=0.001, epsilon=0.1, delta=0.01, alpha=0.01)
Ktb: (128, 1)
tmp: (128, 1)
time: 0.06471785600000013
loss: 1.1242682323513767e-05
