###################################
2022-05-15 23:53:27.513512
Namespace(ndim=1, rows=8192, cols=4, alg=3, seed=0, l2_regularization=0.001, epsilon=0.1, delta=0.01, alpha=0.01)
Ktb: (4, 1)
tmp: (4, 1)
time: 1.699324348
loss: 0.002301561595590093
