###################################
2022-05-15 23:41:58.642581
Namespace(ndim=1, rows=2048, cols=4, alg=3, seed=0, l2_regularization=0.001, epsilon=0.1, delta=0.01, alpha=0.01)
Ktb: (4, 1)
tmp: (4, 1)
time: 0.094873816
loss: 0.0007530004210171163
