###################################
2022-05-16 00:04:36.994419
Namespace(ndim=1, rows=16384, cols=2, alg=3, seed=3, l2_regularization=0.001, epsilon=0.1, delta=0.01, alpha=0.01)
Ktb: (2, 1)
tmp: (2, 1)
time: 7.181796042
loss: 0.008568586955295832
