###################################
2022-05-16 00:09:54.957352
Namespace(ndim=1, rows=16384, cols=16, alg=3, seed=3, l2_regularization=0.001, epsilon=0.1, delta=0.01, alpha=0.01)
Ktb: (16, 1)
tmp: (16, 1)
time: 13.881574169
loss: 0.0010904821970856135
