###################################
2022-05-16 12:09:26.953750
Namespace(ndim=2, rows=1024, cols=64, alg=3, seed=1, l2_regularization=0.001, epsilon=0.1, delta=0.01, alpha=0.01)
Ktb: (4096, 1)
tmp: (4096, 1)
time: 8.351798633000001
loss: 0.031168383040539902
