###################################
2022-05-16 00:37:09.333263
Namespace(ndim=2, rows=128, cols=4, alg=3, seed=3, l2_regularization=0.001, epsilon=0.1, delta=0.01, alpha=0.01)
Ktb: (16, 1)
tmp: (16, 1)
time: 0.0009877469999999278
loss: 0.007882522202389157
