###################################
2022-05-15 23:54:34.732456
Namespace(ndim=1, rows=8192, cols=16, alg=3, seed=0, l2_regularization=0.001, epsilon=0.1, delta=0.01, alpha=0.01)
Ktb: (16, 1)
tmp: (16, 1)
time: 3.2727434320000004
loss: 0.0005744545081087958
