###################################
2022-05-15 23:24:31.224045
Namespace(ndim=1, rows=128, cols=64, alg=3, seed=0, l2_regularization=0.001, epsilon=0.1, delta=0.01, alpha=0.01)
Ktb: (64, 1)
tmp: (64, 1)
time: 0.006079254000000089
loss: 1.715092828605078e-05
