###################################
2022-05-16 16:53:01.397490
Namespace(ndim=2, rows=256, cols=8, alg=3, seed=0, l2_regularization=0.001, epsilon=0.1, delta=0.01, alpha=1.0, samples=1028)
Ktb: (64, 1)
tmp: (64, 1)
time: 0.001398892000000096
loss: 0.015104338066115358
