###################################
2022-05-16 12:07:19.611174
Namespace(ndim=2, rows=1024, cols=8, alg=3, seed=4, l2_regularization=0.001, epsilon=0.1, delta=0.01, alpha=0.01)
Ktb: (64, 1)
tmp: (64, 1)
time: 11.402493839
loss: 0.2618684789137172
