###################################
2022-05-15 23:56:51.393211
Namespace(ndim=1, rows=8192, cols=64, alg=3, seed=2, l2_regularization=0.001, epsilon=0.1, delta=0.01, alpha=0.01)
Ktb: (64, 1)
tmp: (64, 1)
time: 8.971805956
loss: 0.0001413372449031229
