###################################
2022-05-16 12:05:09.156132
Namespace(ndim=2, rows=512, cols=8, alg=3, seed=4, l2_regularization=0.001, epsilon=0.1, delta=0.01, alpha=0.01)
Ktb: (64, 1)
tmp: (64, 1)
time: 0.015665182
loss: 0.06450882501422177
