###################################
2022-05-15 23:33:09.734090
Namespace(ndim=1, rows=512, cols=16, alg=3, seed=4, l2_regularization=0.001, epsilon=0.1, delta=0.01, alpha=0.01)
Ktb: (16, 1)
tmp: (16, 1)
time: 0.010296046000000114
loss: 9.41531809641918e-05
