###################################
2022-05-16 16:52:58.145311
Namespace(ndim=2, rows=128, cols=8, alg=3, seed=0, l2_regularization=0.001, epsilon=0.1, delta=0.01, alpha=1.0, samples=1028)
Ktb: (64, 1)
tmp: (64, 1)
time: 0.0007580700000000551
loss: 0.0033249041057131774
