###################################
2022-05-15 23:59:35.291469
Namespace(ndim=1, rows=8192, cols=128, alg=3, seed=3, l2_regularization=0.001, epsilon=0.1, delta=0.01, alpha=0.01)
Ktb: (128, 1)
tmp: (128, 1)
time: 16.6931871
loss: 7.093575776436932e-05
