###################################
2022-05-15 23:37:17.826143
Namespace(ndim=1, rows=1024, cols=4, alg=3, seed=2, l2_regularization=0.001, epsilon=0.1, delta=0.01, alpha=0.01)
Ktb: (4, 1)
tmp: (4, 1)
time: 0.01962812199999986
loss: 0.0005147469748579745
