###################################
2022-05-15 23:25:11.992692
Namespace(ndim=1, rows=128, cols=128, alg=3, seed=1, l2_regularization=0.001, epsilon=0.1, delta=0.01, alpha=0.01)
Ktb: (128, 1)
tmp: (128, 1)
time: 0.008886568000000095
loss: 8.774666031849619e-06
