###################################
2022-05-15 23:28:05.772683
Namespace(ndim=1, rows=256, cols=4, alg=3, seed=0, l2_regularization=0.001, epsilon=0.1, delta=0.01, alpha=0.01)
Ktb: (4, 1)
tmp: (4, 1)
time: 0.0015607100000001317
loss: 0.00031667591504613336
