###################################
2022-05-16 12:05:08.539389
Namespace(ndim=2, rows=512, cols=8, alg=3, seed=3, l2_regularization=0.001, epsilon=0.1, delta=0.01, alpha=0.01)
Ktb: (64, 1)
tmp: (64, 1)
time: 0.015438713999999853
loss: 0.057445014390314665
