###################################
2022-05-15 23:53:36.586125
Namespace(ndim=1, rows=8192, cols=4, alg=3, seed=4, l2_regularization=0.001, epsilon=0.1, delta=0.01, alpha=0.01)
Ktb: (4, 1)
tmp: (4, 1)
time: 1.751633797
loss: 0.002300199314357746
