###################################
2022-05-15 23:46:48.488027
Namespace(ndim=1, rows=4096, cols=2, alg=3, seed=4, l2_regularization=0.001, epsilon=0.1, delta=0.01, alpha=0.01)
Ktb: (2, 1)
tmp: (2, 1)
time: 0.3381805
loss: 0.002494714431128052
