###################################
2022-05-16 12:04:44.104307
Namespace(ndim=2, rows=128, cols=128, alg=3, seed=4, l2_regularization=0.001, epsilon=0.1, delta=0.01, alpha=0.01)
Ktb: (16384, 1)
tmp: (16384, 1)
time: 0.03206430300000007
loss: 2.179703525191982e-06
