###################################
2022-05-15 23:33:22.507349
Namespace(ndim=1, rows=512, cols=32, alg=3, seed=1, l2_regularization=0.001, epsilon=0.1, delta=0.01, alpha=0.01)
Ktb: (32, 1)
tmp: (32, 1)
time: 0.01820740800000009
loss: 4.701597766157693e-05
