###################################
2022-05-16 00:12:09.725595
Namespace(ndim=1, rows=16384, cols=32, alg=3, seed=1, l2_regularization=0.001, epsilon=0.1, delta=0.01, alpha=0.01)
Ktb: (32, 1)
tmp: (32, 1)
time: 21.595292789
loss: 0.0005468148324150884
