###################################
2022-05-16 12:12:50.754360
Namespace(ndim=2, rows=1024, cols=128, alg=3, seed=2, l2_regularization=0.001, epsilon=0.1, delta=0.01, alpha=0.01)
Ktb: (16384, 1)
tmp: (16384, 1)
time: 0.784746663
loss: 0.014231811307925554
