###################################
2022-05-16 12:05:19.217642
Namespace(ndim=2, rows=512, cols=128, alg=3, seed=3, l2_regularization=0.001, epsilon=0.1, delta=0.01, alpha=0.01)
Ktb: (16384, 1)
tmp: (16384, 1)
time: 0.1893159350000002
loss: 0.003249508606654855
