###################################
2022-05-15 23:56:32.489932
Namespace(ndim=1, rows=8192, cols=64, alg=3, seed=0, l2_regularization=0.001, epsilon=0.1, delta=0.01, alpha=0.01)
Ktb: (64, 1)
tmp: (64, 1)
time: 8.926814350999999
loss: 0.00014064190316541886
