###################################
2022-05-16 12:04:42.254458
Namespace(ndim=2, rows=128, cols=128, alg=3, seed=1, l2_regularization=0.001, epsilon=0.1, delta=0.01, alpha=0.01)
Ktb: (16384, 1)
tmp: (16384, 1)
time: 0.030211110000000096
loss: 7.963541524361834e-06
