###################################
2022-05-15 23:47:38.390718
Namespace(ndim=1, rows=4096, cols=16, alg=3, seed=0, l2_regularization=0.001, epsilon=0.1, delta=0.01, alpha=0.01)
Ktb: (16, 1)
tmp: (16, 1)
time: 0.739510603
loss: 0.0003196145474872439
