###################################
2022-05-16 12:08:37.069717
Namespace(ndim=2, rows=1024, cols=32, alg=3, seed=2, l2_regularization=0.001, epsilon=0.1, delta=0.01, alpha=0.01)
Ktb: (1024, 1)
tmp: (1024, 1)
time: 8.550335650000001
loss: 0.060313191019731614
