###################################
2022-05-16 00:36:55.499452
Namespace(ndim=2, rows=128, cols=2, alg=3, seed=2, l2_regularization=0.001, epsilon=0.1, delta=0.01, alpha=0.01)
Ktb: (4, 1)
tmp: (4, 1)
time: 0.0008884940000000174
loss: 0.016545980839774984
