###################################
2022-05-16 12:01:31.866537
Namespace(ndim=2, rows=1024, cols=8, alg=3, seed=0, l2_regularization=0.001, epsilon=0.1, delta=0.01, alpha=0.01)
Ktb: (64, 1)
tmp: (64, 1)
time: 6.785277623000001
loss: 0.25307693500172135
