###################################
2022-05-16 12:01:09.541024
Namespace(ndim=2, rows=512, cols=128, alg=3, seed=0, l2_regularization=0.001, epsilon=0.1, delta=0.01, alpha=0.01)
Ktb: (16384, 1)
tmp: (16384, 1)
time: 0.19303892699999992
loss: 0.0029203342993011617
