###################################
2022-05-16 12:01:04.070299
Namespace(ndim=2, rows=256, cols=32, alg=3, seed=0, l2_regularization=0.001, epsilon=0.1, delta=0.01, alpha=0.01)
Ktb: (1024, 1)
tmp: (1024, 1)
time: 0.011569747000000019
loss: 0.0036636437962274614
