###################################
2022-05-16 21:14:44.858743
Namespace(ndim=2, rows=7500, cols=30, alg=3, seed=0, l2_regularization=0.001, epsilon=0.1, delta=0.01, alpha=1.0, samples=1028)
Ktb: (900, 1)
tmp: (900, 1)
time: 1.83267076
loss: 3.7181678992630105
