###################################
2022-05-15 23:43:52.557642
Namespace(ndim=1, rows=2048, cols=128, alg=3, seed=0, l2_regularization=0.001, epsilon=0.1, delta=0.01, alpha=0.01)
Ktb: (128, 1)
tmp: (128, 1)
time: 1.090266124
loss: 2.2321494017206624e-05
