###################################
2022-05-16 12:05:04.914658
Namespace(ndim=2, rows=512, cols=4, alg=3, seed=1, l2_regularization=0.001, epsilon=0.1, delta=0.01, alpha=0.01)
Ktb: (16, 1)
tmp: (16, 1)
time: 0.015444740999999818
loss: 0.12963358490776394
