###################################
2022-05-15 23:37:32.311199
Namespace(ndim=1, rows=1024, cols=8, alg=3, seed=3, l2_regularization=0.001, epsilon=0.1, delta=0.01, alpha=0.01)
Ktb: (8, 1)
tmp: (8, 1)
time: 0.02533317199999985
loss: 0.0002384450221317438
