###################################
2022-05-16 12:01:10.343772
Namespace(ndim=2, rows=1024, cols=2, alg=3, seed=0, l2_regularization=0.001, epsilon=0.1, delta=0.01, alpha=0.01)
Ktb: (4, 1)
tmp: (4, 1)
time: 3.006623798
loss: 1.006835977434825
