###################################
2022-05-15 23:24:12.537594
Namespace(ndim=1, rows=128, cols=32, alg=3, seed=1, l2_regularization=0.001, epsilon=0.1, delta=0.01, alpha=0.01)
Ktb: (32, 1)
tmp: (32, 1)
time: 0.0016831859999999477
loss: 3.492913590892012e-05
