###################################
2022-05-16 14:45:10.828393
Namespace(ndim=2, rows=8192, cols=8, alg=3, seed=0, l2_regularization=0.001, epsilon=0.1, delta=0.01, alpha=1.0, samples=1028)
Ktb: (64, 1)
tmp: (64, 1)
time: 4.9267151270000005
loss: 16.900935475114277
