###################################
2022-05-15 23:46:46.765027
Namespace(ndim=1, rows=4096, cols=2, alg=3, seed=2, l2_regularization=0.001, epsilon=0.1, delta=0.01, alpha=0.01)
Ktb: (2, 1)
tmp: (2, 1)
time: 0.34092279999999997
loss: 0.0025673099484843954
