###################################
2022-05-16 12:05:13.548655
Namespace(ndim=2, rows=512, cols=32, alg=3, seed=3, l2_regularization=0.001, epsilon=0.1, delta=0.01, alpha=0.01)
Ktb: (1024, 1)
tmp: (1024, 1)
time: 0.04971649200000017
loss: 0.01497250510772074
