###################################
2022-05-15 23:38:01.383324
Namespace(ndim=1, rows=1024, cols=32, alg=3, seed=3, l2_regularization=0.001, epsilon=0.1, delta=0.01, alpha=0.01)
Ktb: (32, 1)
tmp: (32, 1)
time: 0.0698039479999999
loss: 6.170020174957944e-05
