###################################
2022-05-16 00:38:03.704336
Namespace(ndim=2, rows=128, cols=16, alg=3, seed=0, l2_regularization=0.001, epsilon=0.1, delta=0.01, alpha=0.01)
Ktb: (256, 1)
tmp: (256, 1)
time: 0.001965431999999989
loss: 0.0018908476530266657
