###################################
2022-05-15 23:37:17.272869
Namespace(ndim=1, rows=1024, cols=4, alg=3, seed=1, l2_regularization=0.001, epsilon=0.1, delta=0.01, alpha=0.01)
Ktb: (4, 1)
tmp: (4, 1)
time: 0.01781610300000014
loss: 0.0005038805525718348
