###################################
2022-05-15 23:47:04.551737
Namespace(ndim=1, rows=4096, cols=4, alg=3, seed=3, l2_regularization=0.001, epsilon=0.1, delta=0.01, alpha=0.01)
Ktb: (4, 1)
tmp: (4, 1)
time: 0.4069244719999998
loss: 0.0012445220502859027
