###################################
2022-05-15 23:49:48.907047
Namespace(ndim=1, rows=4096, cols=128, alg=3, seed=3, l2_regularization=0.001, epsilon=0.1, delta=0.01, alpha=0.01)
Ktb: (128, 1)
tmp: (128, 1)
time: 4.1347494309999995
loss: 3.941076558147515e-05
