###################################
2022-05-15 23:29:47.940409
Namespace(ndim=1, rows=256, cols=128, alg=3, seed=3, l2_regularization=0.001, epsilon=0.1, delta=0.01, alpha=0.01)
Ktb: (128, 1)
tmp: (128, 1)
time: 0.022412982999999942
loss: 9.601809763452767e-06
