###################################
2022-05-15 23:24:14.246754
Namespace(ndim=1, rows=128, cols=32, alg=3, seed=4, l2_regularization=0.001, epsilon=0.1, delta=0.01, alpha=0.01)
Ktb: (32, 1)
tmp: (32, 1)
time: 0.0016277049999999793
loss: 3.519701137290568e-05
