###################################
2022-05-15 23:23:45.500417
Namespace(ndim=1, rows=128, cols=8, alg=3, seed=3, l2_regularization=0.001, epsilon=0.1, delta=0.01, alpha=0.01)
Ktb: (8, 1)
tmp: (8, 1)
time: 0.0007920670000001184
loss: 0.00013838332772627977
