###################################
2022-05-15 23:53:04.965819
Namespace(ndim=1, rows=8192, cols=2, alg=3, seed=3, l2_regularization=0.001, epsilon=0.1, delta=0.01, alpha=0.01)
Ktb: (2, 1)
tmp: (2, 1)
time: 1.498434559
loss: 0.0045041384639228094
