###################################
2022-05-16 00:36:56.547471
Namespace(ndim=2, rows=128, cols=2, alg=3, seed=4, l2_regularization=0.001, epsilon=0.1, delta=0.01, alpha=0.01)
Ktb: (4, 1)
tmp: (4, 1)
time: 0.0008787729999999438
loss: 0.013589131117750765
