###################################
2022-05-16 11:08:32.758677
Namespace(ndim=2, rows=128, cols=64, alg=3, seed=0, l2_regularization=0.001, epsilon=0.1, delta=0.01, alpha=0.01)
Ktb: (4096, 1)
tmp: (4096, 1)
time: 0.009166929999999907
loss: 0.00020941182959614152
