###################################
2022-05-15 23:33:23.593962
Namespace(ndim=1, rows=512, cols=32, alg=3, seed=3, l2_regularization=0.001, epsilon=0.1, delta=0.01, alpha=0.01)
Ktb: (32, 1)
tmp: (32, 1)
time: 0.017150639999999884
loss: 4.788239333187606e-05
