###################################
2022-05-16 12:04:48.881996
Namespace(ndim=2, rows=256, cols=4, alg=3, seed=4, l2_regularization=0.001, epsilon=0.1, delta=0.01, alpha=0.01)
Ktb: (16, 1)
tmp: (16, 1)
time: 0.0032930930000001357
loss: 0.03102890978428231
