###################################
2022-05-16 12:08:31.082268
Namespace(ndim=2, rows=1024, cols=32, alg=3, seed=1, l2_regularization=0.001, epsilon=0.1, delta=0.01, alpha=0.01)
Ktb: (1024, 1)
tmp: (1024, 1)
time: 2.020114962
loss: 0.0643841194638962
