###################################
2022-05-15 23:42:44.645938
Namespace(ndim=1, rows=2048, cols=32, alg=3, seed=0, l2_regularization=0.001, epsilon=0.1, delta=0.01, alpha=0.01)
Ktb: (32, 1)
tmp: (32, 1)
time: 0.3297431259999999
loss: 9.874299528077736e-05
