###################################
2022-05-16 00:37:23.619268
Namespace(ndim=2, rows=128, cols=8, alg=3, seed=2, l2_regularization=0.001, epsilon=0.1, delta=0.01, alpha=0.01)
Ktb: (64, 1)
tmp: (64, 1)
time: 0.0013432009999998495
loss: 0.0037154387526310484
