###################################
2022-05-16 21:25:13.816506
Namespace(ndim=2, rows=1000, cols=30, alg=3, seed=1, l2_regularization=0.001, epsilon=0.1, delta=0.01, alpha=1.0, samples=1028)
Ktb: (900, 1)
tmp: (900, 1)
time: 0.034142616999999875
loss: 0.06389088147085895
