###################################
2022-05-15 23:49:53.578079
Namespace(ndim=1, rows=4096, cols=128, alg=3, seed=4, l2_regularization=0.001, epsilon=0.1, delta=0.01, alpha=0.01)
Ktb: (128, 1)
tmp: (128, 1)
time: 4.075393259
loss: 3.803346851305814e-05
