###################################
2022-05-16 16:53:08.475455
Namespace(ndim=2, rows=1024, cols=16, alg=3, seed=0, l2_regularization=0.001, epsilon=0.1, delta=0.01, alpha=1.0, samples=1028)
Ktb: (256, 1)
tmp: (256, 1)
time: 0.02215278399999998
loss: 0.13063043181650705
