###################################
2022-05-15 23:52:58.727296
Namespace(ndim=1, rows=8192, cols=2, alg=3, seed=0, l2_regularization=0.001, epsilon=0.1, delta=0.01, alpha=0.01)
Ktb: (2, 1)
tmp: (2, 1)
time: 1.523794188
loss: 0.004507123220317284
