###################################
2022-05-16 16:54:47.879398
Namespace(ndim=2, rows=16384, cols=8, alg=3, seed=0, l2_regularization=0.001, epsilon=0.1, delta=0.01, alpha=1.0, samples=1028)
Ktb: (64, 1)
tmp: (64, 1)
time: 3.9716526070000002
loss: 66.66181304436475
