###################################
2022-05-15 23:23:43.941120
Namespace(ndim=1, rows=128, cols=8, alg=3, seed=0, l2_regularization=0.001, epsilon=0.1, delta=0.01, alpha=0.01)
Ktb: (8, 1)
tmp: (8, 1)
time: 0.0008428299999998501
loss: 0.00014007736218561346
