###################################
2022-05-16 12:06:43.934840
Namespace(ndim=2, rows=1024, cols=8, alg=3, seed=2, l2_regularization=0.001, epsilon=0.1, delta=0.01, alpha=0.01)
Ktb: (64, 1)
tmp: (64, 1)
time: 5.264855971
loss: 0.25885832901276007
