###################################
2022-05-16 12:04:50.585896
Namespace(ndim=2, rows=256, cols=8, alg=3, seed=3, l2_regularization=0.001, epsilon=0.1, delta=0.01, alpha=0.01)
Ktb: (64, 1)
tmp: (64, 1)
time: 0.00631510199999985
loss: 0.014477125216724887
