###################################
2022-05-16 12:04:45.900550
Namespace(ndim=2, rows=256, cols=2, alg=3, seed=3, l2_regularization=0.001, epsilon=0.1, delta=0.01, alpha=0.01)
Ktb: (4, 1)
tmp: (4, 1)
time: 0.0025097160000000507
loss: 0.06940766920398815
