###################################
2022-05-15 23:32:54.544913
Namespace(ndim=1, rows=512, cols=8, alg=3, seed=1, l2_regularization=0.001, epsilon=0.1, delta=0.01, alpha=0.01)
Ktb: (8, 1)
tmp: (8, 1)
time: 0.006711307
loss: 0.00019371387717715083
