###################################
2022-05-16 16:53:07.423436
Namespace(ndim=2, rows=1024, cols=4, alg=3, seed=0, l2_regularization=0.001, epsilon=0.1, delta=0.01, alpha=1.0, samples=1028)
Ktb: (16, 1)
tmp: (16, 1)
time: 0.006738946000000023
loss: 0.5141382426583977
