###################################
2022-05-16 12:23:12.316797
Namespace(ndim=2, rows=2048, cols=128, alg=3, seed=0, l2_regularization=0.001, epsilon=0.1, delta=0.01, alpha=1.0, samples=1028)
Ktb: (16384, 1)
tmp: (16384, 1)
time: 3.903914268
loss: 0.06051638706454795
