###################################
2022-05-15 23:47:03.626657
Namespace(ndim=1, rows=4096, cols=4, alg=3, seed=2, l2_regularization=0.001, epsilon=0.1, delta=0.01, alpha=0.01)
Ktb: (4, 1)
tmp: (4, 1)
time: 0.40287832599999995
loss: 0.0012933767000344514
