###################################
2022-05-15 23:43:07.007437
Namespace(ndim=1, rows=2048, cols=64, alg=3, seed=0, l2_regularization=0.001, epsilon=0.1, delta=0.01, alpha=0.01)
Ktb: (64, 1)
tmp: (64, 1)
time: 0.6142927279999999
loss: 4.7090441882014484e-05
