###################################
2022-05-16 20:22:14.537749
Namespace(ndim=2, rows=1000, cols=40, alg=3, seed=0, l2_regularization=0.001, epsilon=0.1, delta=0.01, alpha=1.0, samples=1028)
Ktb: (1600, 1)
tmp: (1600, 1)
time: 0.05362644900000002
loss: 0.04806395972625979
