###################################
2022-05-15 23:41:46.430041
Namespace(ndim=1, rows=2048, cols=2, alg=3, seed=3, l2_regularization=0.001, epsilon=0.1, delta=0.01, alpha=0.01)
Ktb: (2, 1)
tmp: (2, 1)
time: 0.07854504099999993
loss: 0.0015168814827099066
