###################################
2022-05-16 12:01:47.149138
Namespace(ndim=2, rows=1024, cols=16, alg=3, seed=0, l2_regularization=0.001, epsilon=0.1, delta=0.01, alpha=0.01)
Ktb: (256, 1)
tmp: (256, 1)
time: 0.1071678359999999
loss: 0.13063043181651413
