###################################
2022-05-16 14:38:49.490969
Namespace(ndim=2, rows=8192, cols=2, alg=3, seed=0, l2_regularization=0.001, epsilon=0.1, delta=0.01, alpha=1.0, samples=1028)
Ktb: (4, 1)
tmp: (4, 1)
time: 3.168369985
loss: 67.08410776116897
