###################################
2022-05-16 23:47:47.548826
Namespace(ndim=2, rows=2048, cols=2, alg=4, seed=2, l2_regularization=0.001, epsilon=0.1, delta=0.01, alpha=1e-06, samples=0)
leverage_scores: [2.000000002475403, 2.000000001988668]
num_columns: 4
num_samples: 1
samples: 0 1 [170]
samples: 1 1 [1414]
sampled_K: (1, 4)
rescaling_coefficients: (1,)
SK: (1, 4)
Sb: (1,)
normal matrix: (4, 4)
x: (4,)
time: 0.011796548999999823
loss: 6.150318392111993
