###################################
2022-05-15 23:37:19.495153
Namespace(ndim=1, rows=1024, cols=4, alg=4, seed=0, l2_regularization=0.001, epsilon=0.1, delta=0.01, alpha=0.01)
leverage_scores: [3.999999999152479]
num_columns: 4
num_samples: 15706
samples: 0 15706 [   0    0    0 ... 1023 1023 1023]
sampled_K: (15706, 4)
rescaling_coefficients: (15706,)
SK: (15706, 4)
Sb: (15706,)
normal matrix: (4, 4)
x: (4,)
time: 0.006050445999999932
loss: 0.0005062485522929346
