###################################
2022-05-15 23:33:10.835390
Namespace(ndim=1, rows=512, cols=16, alg=4, seed=1, l2_regularization=0.001, epsilon=0.1, delta=0.01, alpha=0.01)
leverage_scores: [16.000000002305804]
num_columns: 16
num_samples: 79984
samples: 0 79984 [  0   0   0 ... 511 511 511]
sampled_K: (79984, 16)
rescaling_coefficients: (79984,)
SK: (79984, 16)
Sb: (79984,)
normal matrix: (16, 16)
x: (16,)
time: 0.03530429700000015
loss: 9.293866250487972e-05
