###################################
2022-05-15 23:42:32.732099
Namespace(ndim=1, rows=2048, cols=16, alg=4, seed=2, l2_regularization=0.001, epsilon=0.1, delta=0.01, alpha=0.01)
leverage_scores: [15.999999995105647]
num_columns: 16
num_samples: 79984
samples: 0 79984 [   0    0    0 ... 2047 2047 2047]
sampled_K: (79984, 16)
rescaling_coefficients: (79984,)
SK: (79984, 16)
Sb: (79984,)
normal matrix: (16, 16)
x: (16,)
time: 0.04103366000000008
loss: 0.00018533115341200934
