###################################
2022-05-16 23:24:03.137406
Namespace(ndim=2, rows=4096, cols=8, alg=4, seed=0, l2_regularization=0.001, epsilon=0.1, delta=0.01, alpha=1e-06, samples=0)
leverage_scores: [7.999999996557506, 8.000000001768685]
num_columns: 64
num_samples: 38
samples: 0 38 [ 113  172  268  435  501  565  636  645 1059 1102 1121 1223 1311 1317
 1424 1790 1983 2060 2062 2098 2129 2278 2309 2328 2334 2612 3196 3199
 3209 3360 3481 3560 3805 3833 3847 3859 3973 4074]
samples: 1 38 [  79  115  270  304  359  701  926 1099 1102 1193 1206 1314 1418 1494
 1495 1497 1809 1854 2073 2142 2305 2319 2410 2490 2504 2581 2662 2713
 2990 3010 3065 3224 3377 3494 3727 3778 3924 3952]
sampled_K: (38, 64)
rescaling_coefficients: (38,)
SK: (38, 64)
Sb: (38,)
normal matrix: (64, 64)
x: (64,)
time: 0.024146486000000023
loss: 7.811916552718909
