###################################
2022-05-15 23:32:57.766911
Namespace(ndim=1, rows=512, cols=8, alg=4, seed=2, l2_regularization=0.001, epsilon=0.1, delta=0.01, alpha=0.01)
leverage_scores: [7.999999999742132]
num_columns: 8
num_samples: 35702
samples: 0 35702 [  0   0   0 ... 511 511 511]
sampled_K: (35702, 8)
rescaling_coefficients: (35702,)
SK: (35702, 8)
Sb: (35702,)
normal matrix: (8, 8)
x: (8,)
time: 0.011402010000000073
loss: 0.0001885558065035157
