###################################
2022-05-16 00:28:28.744913
Namespace(ndim=1, rows=16384, cols=128, alg=4, seed=0, l2_regularization=0.001, epsilon=0.1, delta=0.01, alpha=0.01)
leverage_scores: [128.00000003344277]
num_columns: 128
num_samples: 845802
samples: 0 845802 [    0     0     0 ... 16383 16383 16383]
sampled_K: (845802, 128)
rescaling_coefficients: (845802,)
SK: (845802, 128)
Sb: (845802,)
normal matrix: (128, 128)
x: (128,)
time: 10.715186640999999
loss: 0.00013153968868727283
