###################################
2022-05-15 23:33:49.215802
Namespace(ndim=1, rows=512, cols=64, alg=4, seed=3, l2_regularization=0.001, epsilon=0.1, delta=0.01, alpha=0.01)
leverage_scores: [64.00000000032679]
num_columns: 64
num_samples: 388580
samples: 0 388580 [  0   0   0 ... 511 511 511]
sampled_K: (388580, 64)
rescaling_coefficients: (388580,)
SK: (388580, 64)
Sb: (388580,)
normal matrix: (64, 64)
x: (64,)
time: 1.238494268
loss: 2.3411714900262042e-05
