###################################
2022-05-15 23:54:14.583852
Namespace(ndim=1, rows=8192, cols=8, alg=4, seed=4, l2_regularization=0.001, epsilon=0.1, delta=0.01, alpha=0.01)
leverage_scores: [7.99999999523115]
num_columns: 8
num_samples: 35702
samples: 0 35702 [   0    0    0 ... 8191 8191 8191]
sampled_K: (35702, 8)
rescaling_coefficients: (35702,)
SK: (35702, 8)
Sb: (35702,)
normal matrix: (8, 8)
x: (8,)
time: 0.03130581899999996
loss: 0.0011390609613747041
