###################################
2022-05-15 23:53:10.680268
Namespace(ndim=1, rows=8192, cols=2, alg=4, seed=3, l2_regularization=0.001, epsilon=0.1, delta=0.01, alpha=0.01)
leverage_scores: [2.0000000028946245]
num_columns: 2
num_samples: 6780
samples: 0 6780 [   0    2    3 ... 8190 8191 8191]
sampled_K: (6780, 2)
rescaling_coefficients: (6780,)
SK: (6780, 2)
Sb: (6780,)
normal matrix: (2, 2)
x: (2,)
time: 0.02314693499999998
loss: 0.004504454139710175
