###################################
2022-05-16 23:47:25.734892
Namespace(ndim=2, rows=128, cols=2, alg=4, seed=2, l2_regularization=0.001, epsilon=0.1, delta=0.01, alpha=1e-06, samples=0)
leverage_scores: [2.000000000145565, 2.0000000004985905]
num_columns: 4
num_samples: 1
samples: 0 1 [66]
samples: 1 1 [107]
sampled_K: (1, 4)
rescaling_coefficients: (1,)
SK: (1, 4)
Sb: (1,)
normal matrix: (4, 4)
x: (4,)
time: 0.00140586400000009
loss: 0.019987719521424842
