###################################
2022-05-15 23:32:43.963885
Namespace(ndim=1, rows=512, cols=4, alg=4, seed=1, l2_regularization=0.001, epsilon=0.1, delta=0.01, alpha=0.01)
leverage_scores: [3.999999997946822]
num_columns: 4
num_samples: 15706
samples: 0 15706 [  0   0   0 ... 511 511 511]
sampled_K: (15706, 4)
rescaling_coefficients: (15706,)
SK: (15706, 4)
Sb: (15706,)
normal matrix: (4, 4)
x: (4,)
time: 0.006405046999999886
loss: 0.0003794859702025439
