###################################
2022-05-15 23:28:50.461107
Namespace(ndim=1, rows=256, cols=32, alg=4, seed=0, l2_regularization=0.001, epsilon=0.1, delta=0.01, alpha=0.01)
leverage_scores: [32.00000000471858]
num_columns: 32
num_samples: 177129
samples: 0 177129 [  0   0   0 ... 255 255 255]
sampled_K: (177129, 32)
rescaling_coefficients: (177129,)
SK: (177129, 32)
Sb: (177129,)
normal matrix: (32, 32)
x: (32,)
time: 0.19494221300000003
loss: 3.878283155259172e-05
