###################################
2022-05-16 23:23:28.742658
Namespace(ndim=2, rows=128, cols=2, alg=4, seed=0, l2_regularization=0.001, epsilon=0.1, delta=0.01, alpha=1e-06, samples=0)
leverage_scores: [2.0000000003699214, 2.000000000807435]
num_columns: 4
num_samples: 1
samples: 0 1 [49]
samples: 1 1 [48]
sampled_K: (1, 4)
rescaling_coefficients: (1,)
SK: (1, 4)
Sb: (1,)
normal matrix: (4, 4)
x: (4,)
time: 0.0018236149999999451
loss: 0.02342324576100607
