###################################
2022-05-16 00:00:32.133428
Namespace(ndim=1, rows=8192, cols=128, alg=4, seed=2, l2_regularization=0.001, epsilon=0.1, delta=0.01, alpha=0.01)
leverage_scores: [128.00000001892235]
num_columns: 128
num_samples: 845802
samples: 0 845802 [   0    0    0 ... 8191 8191 8191]
sampled_K: (845802, 128)
rescaling_coefficients: (845802,)
SK: (845802, 128)
Sb: (845802,)
normal matrix: (128, 128)
x: (128,)
time: 10.498347996
loss: 7.173477851519411e-05
