###################################
2022-05-15 23:44:33.367416
Namespace(ndim=1, rows=2048, cols=128, alg=4, seed=3, l2_regularization=0.001, epsilon=0.1, delta=0.01, alpha=0.01)
leverage_scores: [127.99999999805111]
num_columns: 128
num_samples: 845802
samples: 0 845802 [   0    0    0 ... 2047 2047 2047]
sampled_K: (845802, 128)
rescaling_coefficients: (845802,)
SK: (845802, 128)
Sb: (845802,)
normal matrix: (128, 128)
x: (128,)
time: 10.439837711000001
loss: 2.3342932205115117e-05
