###################################
2022-05-15 23:37:07.863297
Namespace(ndim=1, rows=1024, cols=2, alg=4, seed=4, l2_regularization=0.001, epsilon=0.1, delta=0.01, alpha=0.01)
leverage_scores: [1.9999999997440698]
num_columns: 2
num_samples: 6780
samples: 0 6780 [   0    0    0 ... 1023 1023 1023]
sampled_K: (6780, 2)
rescaling_coefficients: (6780,)
SK: (6780, 2)
Sb: (6780,)
normal matrix: (2, 2)
x: (2,)
time: 0.004819106000000017
loss: 0.0009588053982822345
