###################################
2022-05-16 11:08:33.421857
Namespace(ndim=2, rows=128, cols=64, alg=4, seed=0, l2_regularization=0.001, epsilon=0.1, delta=0.01, alpha=0.01)
leverage_scores: [63.99999999550049, 63.999999989994066]
num_columns: 4096
num_samples: 38048418
samples: 0 38048418 [  0   0   0 ... 127 127 127]
samples: 1 38048418 [  0   0   0 ... 127 127 127]
