###################################
2022-05-15 23:53:09.567113
Namespace(ndim=1, rows=8192, cols=2, alg=4, seed=1, l2_regularization=0.001, epsilon=0.1, delta=0.01, alpha=0.01)
leverage_scores: [2.000000000945282]
num_columns: 2
num_samples: 6780
samples: 0 6780 [   0    1    2 ... 8190 8190 8190]
sampled_K: (6780, 2)
rescaling_coefficients: (6780,)
SK: (6780, 2)
Sb: (6780,)
normal matrix: (2, 2)
x: (2,)
time: 0.01929629300000002
loss: 0.004492874903114566
