###################################
2022-05-16 00:06:23.657871
Namespace(ndim=1, rows=16384, cols=4, alg=4, seed=1, l2_regularization=0.001, epsilon=0.1, delta=0.01, alpha=0.01)
leverage_scores: [3.9999999816966767]
num_columns: 4
num_samples: 15706
samples: 0 15706 [    0     1     1 ... 16378 16381 16381]
sampled_K: (15706, 4)
rescaling_coefficients: (15706,)
SK: (15706, 4)
Sb: (15706,)
normal matrix: (4, 4)
x: (4,)
time: 0.03854187699999989
loss: 0.004247855091909075
