###################################
2022-05-16 00:04:53.003451
Namespace(ndim=1, rows=16384, cols=2, alg=4, seed=1, l2_regularization=0.001, epsilon=0.1, delta=0.01, alpha=0.01)
leverage_scores: [2.000000005472766]
num_columns: 2
num_samples: 6780
samples: 0 6780 [    0     0     0 ... 16372 16379 16379]
sampled_K: (6780, 2)
rescaling_coefficients: (6780,)
SK: (6780, 2)
Sb: (6780,)
normal matrix: (2, 2)
x: (2,)
time: 0.04368573199999992
loss: 0.008640266055951841
