###################################
2022-05-15 23:54:54.742590
Namespace(ndim=1, rows=8192, cols=16, alg=4, seed=2, l2_regularization=0.001, epsilon=0.1, delta=0.01, alpha=0.01)
leverage_scores: [16.00000000003347]
num_columns: 16
num_samples: 79984
samples: 0 79984 [   0    0    0 ... 8191 8191 8191]
sampled_K: (79984, 16)
rescaling_coefficients: (79984,)
SK: (79984, 16)
Sb: (79984,)
normal matrix: (16, 16)
x: (16,)
time: 0.05427480600000001
loss: 0.0005694098795174463
