###################################
2022-05-16 23:24:00.828370
Namespace(ndim=2, rows=1024, cols=8, alg=4, seed=0, l2_regularization=0.001, epsilon=0.1, delta=0.01, alpha=1e-06, samples=0)
leverage_scores: [7.999999998787396, 8.00000000037743]
num_columns: 64
num_samples: 38
samples: 0 38 [  10   58   81   81  113  160  169  218  240  252  281  310  341  384
  387  400  519  535  613  613  685  697  707  709  753  817  828  841
  848  852  892  897  901  943  962  964  986 1010]
samples: 1 38 [  98  102  149  174  175  213  291  311  315  335  354  365  426  435
  453  458  581  582  586  599  600  672  676  699  721  725  745  752
  767  797  846  891  902  973  985 1005 1006 1013]
sampled_K: (38, 64)
rescaling_coefficients: (38,)
SK: (38, 64)
Sb: (38,)
normal matrix: (64, 64)
x: (64,)
time: 0.0070840059999999205
loss: 0.3902447076623677
