###################################
2022-05-15 23:53:11.257045
Namespace(ndim=1, rows=8192, cols=2, alg=4, seed=4, l2_regularization=0.001, epsilon=0.1, delta=0.01, alpha=0.01)
leverage_scores: [1.9999999982477399]
num_columns: 2
num_samples: 6780
samples: 0 6780 [   1    1    2 ... 8189 8189 8191]
sampled_K: (6780, 2)
rescaling_coefficients: (6780,)
SK: (6780, 2)
Sb: (6780,)
normal matrix: (2, 2)
x: (2,)
time: 0.034840602000000054
loss: 0.004564618185381571
