###################################
2022-05-15 23:50:08.935098
Namespace(ndim=1, rows=4096, cols=128, alg=4, seed=1, l2_regularization=0.001, epsilon=0.1, delta=0.01, alpha=0.01)
leverage_scores: [127.99999998859619]
num_columns: 128
num_samples: 845802
samples: 0 845802 [   0    0    0 ... 4095 4095 4095]
sampled_K: (845802, 128)
rescaling_coefficients: (845802,)
SK: (845802, 128)
Sb: (845802,)
normal matrix: (128, 128)
x: (128,)
time: 10.331889833
loss: 4.0179855146702185e-05
