###################################
2022-05-15 23:53:38.856426
Namespace(ndim=1, rows=8192, cols=4, alg=4, seed=0, l2_regularization=0.001, epsilon=0.1, delta=0.01, alpha=0.01)
leverage_scores: [3.9999999996618536]
num_columns: 4
num_samples: 15706
samples: 0 15706 [   1    1    1 ... 8191 8191 8191]
sampled_K: (15706, 4)
rescaling_coefficients: (15706,)
SK: (15706, 4)
Sb: (15706,)
normal matrix: (4, 4)
x: (4,)
time: 0.024014360999999873
loss: 0.002302516397737574
