###################################
2022-05-16 23:50:00.533742
Namespace(ndim=2, rows=512, cols=8, alg=4, seed=1, l2_regularization=0.001, epsilon=0.1, delta=0.01, alpha=1e-06, samples=0)
leverage_scores: [8.000000002128733, 7.999999999298526]
num_columns: 64
num_samples: 38
samples: 0 38 [  3  26  28  29  52  53  70  70  82 140 159 160 192 196 199 210 217 228
 235 236 257 269 274 287 290 291 311 318 322 352 362 370 392 445 459 469
 487 488]
samples: 1 38 [  0   8  11  29  66  89  92 103 104 110 116 123 128 130 131 150 162 166
 168 173 176 180 180 181 195 216 233 260 279 305 366 375 457 462 473 496
 498 511]
sampled_K: (38, 64)
rescaling_coefficients: (38,)
SK: (38, 64)
Sb: (38,)
normal matrix: (64, 64)
x: (64,)
time: 0.004677456999999885
loss: 0.09095046552530273
