###################################
2022-05-16 23:23:32.051509
Namespace(ndim=2, rows=1024, cols=2, alg=4, seed=0, l2_regularization=0.001, epsilon=0.1, delta=0.01, alpha=1e-06, samples=0)
leverage_scores: [1.999999998731155, 2.0000000014387047]
num_columns: 4
num_samples: 1
samples: 0 1 [109]
samples: 1 1 [149]
sampled_K: (1, 4)
rescaling_coefficients: (1,)
SK: (1, 4)
Sb: (1,)
normal matrix: (4, 4)
x: (4,)
time: 0.005871068000000035
loss: 6.808045591526477
