###################################
2022-05-15 23:29:16.474230
Namespace(ndim=1, rows=256, cols=64, alg=4, seed=4, l2_regularization=0.001, epsilon=0.1, delta=0.01, alpha=0.01)
leverage_scores: [63.99999999518675]
num_columns: 64
num_samples: 388580
samples: 0 388580 [  0   0   0 ... 255 255 255]
sampled_K: (388580, 64)
rescaling_coefficients: (388580,)
SK: (388580, 64)
Sb: (388580,)
normal matrix: (64, 64)
x: (64,)
time: 1.2387193099999998
loss: 1.9424508862306705e-05
