###################################
2022-05-15 23:47:45.479346
Namespace(ndim=1, rows=4096, cols=16, alg=4, seed=1, l2_regularization=0.001, epsilon=0.1, delta=0.01, alpha=0.01)
leverage_scores: [15.999999996306496]
num_columns: 16
num_samples: 79984
samples: 0 79984 [   0    0    0 ... 4095 4095 4095]
sampled_K: (79984, 16)
rescaling_coefficients: (79984,)
SK: (79984, 16)
Sb: (79984,)
normal matrix: (16, 16)
x: (16,)
time: 0.04340097199999993
loss: 0.00031627077853053215
