###################################
2022-05-15 23:38:22.537152
Namespace(ndim=1, rows=1024, cols=64, alg=4, seed=0, l2_regularization=0.001, epsilon=0.1, delta=0.01, alpha=0.01)
leverage_scores: [64.00000000216205]
num_columns: 64
num_samples: 388580
samples: 0 388580 [   0    0    0 ... 1023 1023 1023]
sampled_K: (388580, 64)
rescaling_coefficients: (388580,)
SK: (388580, 64)
Sb: (388580,)
normal matrix: (64, 64)
x: (64,)
time: 1.283381487
loss: 3.218359246221912e-05
