###################################
2022-05-16 00:04:54.716746
Namespace(ndim=1, rows=16384, cols=2, alg=4, seed=4, l2_regularization=0.001, epsilon=0.1, delta=0.01, alpha=0.01)
leverage_scores: [1.9999999922292504]
num_columns: 2
num_samples: 6780
samples: 0 6780 [    1     3     5 ... 16375 16378 16380]
sampled_K: (6780, 2)
rescaling_coefficients: (6780,)
SK: (6780, 2)
Sb: (6780,)
normal matrix: (2, 2)
x: (2,)
time: 0.042169305000000046
loss: 0.008642972074584204
