###################################
2022-05-16 23:49:50.598180
Namespace(ndim=2, rows=128, cols=8, alg=4, seed=2, l2_regularization=0.001, epsilon=0.1, delta=0.01, alpha=1e-06, samples=0)
leverage_scores: [7.999999999448221, 8.000000000017085]
num_columns: 64
num_samples: 38
samples: 0 38 [  1   1   3   5  13  16  23  23  26  37  41  43  44  44  45  52  54  58
  62  66  68  69  73  79  81  82  82  84  85  86  87  88  94 102 110 110
 118 126]
samples: 1 38 [ 10  14  15  16  21  23  29  32  44  44  44  47  51  51  52  55  55  58
  68  69  73  74  76  80  91  91  93  93  93 102 103 108 109 110 113 118
 118 120]
sampled_K: (38, 64)
rescaling_coefficients: (38,)
SK: (38, 64)
Sb: (38,)
normal matrix: (64, 64)
x: (64,)
time: 0.0028970910000001293
loss: 0.007518875082216309
