###################################
2022-05-15 23:53:09.018570
Namespace(ndim=1, rows=8192, cols=2, alg=4, seed=0, l2_regularization=0.001, epsilon=0.1, delta=0.01, alpha=0.01)
leverage_scores: [1.9999999988886108]
num_columns: 2
num_samples: 6780
samples: 0 6780 [   2    2    3 ... 8189 8191 8191]
sampled_K: (6780, 2)
rescaling_coefficients: (6780,)
SK: (6780, 2)
Sb: (6780,)
normal matrix: (2, 2)
x: (2,)
time: 0.03332456500000003
loss: 0.004507331973058664
