###################################
2022-05-16 23:50:05.944006
Namespace(ndim=2, rows=1024, cols=8, alg=4, seed=1, l2_regularization=0.001, epsilon=0.1, delta=0.01, alpha=1e-06, samples=0)
leverage_scores: [8.00000000068544, 7.999999998408027]
num_columns: 64
num_samples: 38
samples: 0 38 [ 19  95 139 163 171 179 213 214 218 241 273 282 337 356 374 377 383 417
 459 506 543 617 620 632 688 690 743 803 807 816 826 853 892 906 914 917
 921 965]
samples: 1 38 [  62  135  189  195  216  262  286  288  314  338  350  356  422  423
  483  518  546  549  561  562  565  577  591  612  621  631  638  700
  718  790  844  866  917  934  968 1003 1005 1012]
sampled_K: (38, 64)
rescaling_coefficients: (38,)
SK: (38, 64)
Sb: (38,)
normal matrix: (64, 64)
x: (64,)
time: 0.007386211000000031
loss: 0.4046103333330484
