###################################
2022-05-15 23:46:50.956151
Namespace(ndim=1, rows=4096, cols=2, alg=4, seed=3, l2_regularization=0.001, epsilon=0.1, delta=0.01, alpha=0.01)
leverage_scores: [1.9999999995618507]
num_columns: 2
num_samples: 6780
samples: 0 6780 [   0    0    0 ... 4095 4095 4095]
sampled_K: (6780, 2)
rescaling_coefficients: (6780,)
SK: (6780, 2)
Sb: (6780,)
normal matrix: (2, 2)
x: (2,)
time: 0.011455954999999962
loss: 0.0024822610434134616
