###################################
2022-05-16 23:24:04.593388
Namespace(ndim=2, rows=8192, cols=8, alg=4, seed=0, l2_regularization=0.001, epsilon=0.1, delta=0.01, alpha=1e-06, samples=0)
leverage_scores: [8.000000001582, 8.000000005898245]
num_columns: 64
num_samples: 38
samples: 0 38 [  47  541  790  806  845 1496 2620 2852 2967 3179 3216 3324 3519 3869
 4223 4682 4892 4899 5186 5344 5373 5499 5572 5634 5982 6017 6017 6592
 6912 6932 7324 7329 7544 7734 7871 7924 7942 7944]
samples: 1 38 [  79  102  130  498  499  633  740  769  789 1035 1425 1443 1516 2631
 2697 2698 2875 3710 4165 4327 4613 4760 4951 4983 5516 5776 5976 6231
 6480 6515 6689 7015 7057 7089 7330 7420 7460 7563]
sampled_K: (38, 64)
rescaling_coefficients: (38,)
SK: (38, 64)
Sb: (38,)
normal matrix: (64, 64)
x: (64,)
time: 0.040279692000000145
loss: 21.83957652669453
