###################################
2022-05-16 00:10:24.024959
Namespace(ndim=1, rows=16384, cols=16, alg=4, seed=0, l2_regularization=0.001, epsilon=0.1, delta=0.01, alpha=0.01)
leverage_scores: [16.000000001710408]
num_columns: 16
num_samples: 79984
samples: 0 79984 [    0     0     0 ... 16382 16382 16382]
sampled_K: (79984, 16)
rescaling_coefficients: (79984,)
SK: (79984, 16)
Sb: (79984,)
normal matrix: (16, 16)
x: (16,)
time: 0.079865941
loss: 0.001072292937493843
