###################################
2022-05-16 00:06:24.791973
Namespace(ndim=1, rows=16384, cols=4, alg=4, seed=3, l2_regularization=0.001, epsilon=0.1, delta=0.01, alpha=0.01)
leverage_scores: [4.0000000122639126]
num_columns: 4
num_samples: 15706
samples: 0 15706 [    0     0     0 ... 16381 16383 16383]
sampled_K: (15706, 4)
rescaling_coefficients: (15706,)
SK: (15706, 4)
Sb: (15706,)
normal matrix: (4, 4)
x: (4,)
time: 0.041548801000000024
loss: 0.004332295820939115
