###################################
2022-05-15 23:53:40.474751
Namespace(ndim=1, rows=8192, cols=4, alg=4, seed=3, l2_regularization=0.001, epsilon=0.1, delta=0.01, alpha=0.01)
leverage_scores: [4.0000000072571735]
num_columns: 4
num_samples: 15706
samples: 0 15706 [   0    0    0 ... 8187 8188 8190]
sampled_K: (15706, 4)
rescaling_coefficients: (15706,)
SK: (15706, 4)
Sb: (15706,)
normal matrix: (4, 4)
x: (4,)
time: 0.024809784999999973
loss: 0.0022559427228065654
