###################################
2022-05-15 23:42:49.013976
Namespace(ndim=1, rows=2048, cols=32, alg=4, seed=0, l2_regularization=0.001, epsilon=0.1, delta=0.01, alpha=0.01)
leverage_scores: [31.99999998698907]
num_columns: 32
num_samples: 177129
samples: 0 177129 [   0    0    0 ... 2047 2047 2047]
sampled_K: (177129, 32)
rescaling_coefficients: (177129,)
SK: (177129, 32)
Sb: (177129,)
normal matrix: (32, 32)
x: (32,)
time: 0.1986470960000002
loss: 9.874878830826015e-05
