###################################
2022-05-15 23:24:16.936786
Namespace(ndim=1, rows=128, cols=32, alg=4, seed=3, l2_regularization=0.001, epsilon=0.1, delta=0.01, alpha=0.01)
leverage_scores: [31.99999999757459]
num_columns: 32
num_samples: 177129
samples: 0 177129 [  0   0   0 ... 127 127 127]
sampled_K: (177129, 32)
rescaling_coefficients: (177129,)
SK: (177129, 32)
Sb: (177129,)
normal matrix: (32, 32)
x: (32,)
time: 0.1900792200000001
loss: 3.493447577317135e-05
