###################################
2022-05-16 23:47:59.525860
Namespace(ndim=2, rows=8192, cols=2, alg=4, seed=1, l2_regularization=0.001, epsilon=0.1, delta=0.01, alpha=1e-06, samples=0)
leverage_scores: [2.000000000945282, 1.9999999940958901]
num_columns: 4
num_samples: 1
samples: 0 1 [7798]
samples: 1 1 [5955]
sampled_K: (1, 4)
rescaling_coefficients: (1,)
SK: (1, 4)
Sb: (1,)
normal matrix: (4, 4)
x: (4,)
time: 0.03867823300000017
loss: 101.42239317490093
