###################################
2022-05-15 23:38:04.043594
Namespace(ndim=1, rows=1024, cols=32, alg=4, seed=2, l2_regularization=0.001, epsilon=0.1, delta=0.01, alpha=0.01)
leverage_scores: [32.00000000361946]
num_columns: 32
num_samples: 177129
samples: 0 177129 [   0    0    0 ... 1023 1023 1023]
sampled_K: (177129, 32)
rescaling_coefficients: (177129,)
SK: (177129, 32)
Sb: (177129,)
normal matrix: (32, 32)
x: (32,)
time: 0.19059662
loss: 6.082415015422791e-05
