###################################
2022-05-16 23:47:53.645836
Namespace(ndim=2, rows=4096, cols=2, alg=4, seed=2, l2_regularization=0.001, epsilon=0.1, delta=0.01, alpha=1e-06, samples=0)
leverage_scores: [2.0000000002256484, 1.999999996568549]
num_columns: 4
num_samples: 1
samples: 0 1 [3724]
samples: 1 1 [3994]
sampled_K: (1, 4)
rescaling_coefficients: (1,)
SK: (1, 4)
Sb: (1,)
normal matrix: (4, 4)
x: (4,)
time: 0.01966522500000001
loss: 25.10388305143324
