###################################
2022-05-15 23:41:48.697100
Namespace(ndim=1, rows=2048, cols=2, alg=4, seed=2, l2_regularization=0.001, epsilon=0.1, delta=0.01, alpha=0.01)
leverage_scores: [2.000000002475403]
num_columns: 2
num_samples: 6780
samples: 0 6780 [   0    0    1 ... 2047 2047 2047]
sampled_K: (6780, 2)
rescaling_coefficients: (6780,)
SK: (6780, 2)
Sb: (6780,)
normal matrix: (2, 2)
x: (2,)
time: 0.006625528999999908
loss: 0.0015414292575312342
