###################################
2022-05-15 23:24:37.480994
Namespace(ndim=1, rows=128, cols=64, alg=4, seed=2, l2_regularization=0.001, epsilon=0.1, delta=0.01, alpha=0.01)
leverage_scores: [64.0000000009679]
num_columns: 64
num_samples: 388580
samples: 0 388580 [  0   0   0 ... 127 127 127]
sampled_K: (388580, 64)
rescaling_coefficients: (388580,)
SK: (388580, 64)
Sb: (388580,)
normal matrix: (64, 64)
x: (64,)
time: 1.284219181
loss: 1.785348152576996e-05
