###################################
2022-05-16 23:23:59.691528
Namespace(ndim=2, rows=512, cols=8, alg=4, seed=0, l2_regularization=0.001, epsilon=0.1, delta=0.01, alpha=1e-06, samples=0)
leverage_scores: [8.000000003612739, 7.999999999724576]
num_columns: 64
num_samples: 38
samples: 0 38 [ 22  37  42  52  61  88 115 148 158 169 176 178 197 206 216 229 231 235
 249 273 295 299 301 306 313 325 333 336 347 358 410 426 458 463 480 481
 497 500]
samples: 1 38 [  3  13  24  39  57  60  61  66  86  88  98 166 170 184 199 204 206 207
 207 213 220 272 281 290 291 326 348 371 389 390 409 430 479 485 485 499
 507 508]
sampled_K: (38, 64)
rescaling_coefficients: (38,)
SK: (38, 64)
Sb: (38,)
normal matrix: (64, 64)
x: (64,)
time: 0.004669416000000037
loss: 0.11566609816183833
