###################################
2022-05-15 23:33:25.415098
Namespace(ndim=1, rows=512, cols=32, alg=4, seed=1, l2_regularization=0.001, epsilon=0.1, delta=0.01, alpha=0.01)
leverage_scores: [31.999999999717808]
num_columns: 32
num_samples: 177129
samples: 0 177129 [  0   0   0 ... 511 511 511]
sampled_K: (177129, 32)
rescaling_coefficients: (177129,)
SK: (177129, 32)
Sb: (177129,)
normal matrix: (32, 32)
x: (32,)
time: 0.18901944599999987
loss: 4.7017222320389685e-05
