###################################
2022-05-16 23:50:07.050023
Namespace(ndim=2, rows=1024, cols=8, alg=4, seed=2, l2_regularization=0.001, epsilon=0.1, delta=0.01, alpha=1e-06, samples=0)
leverage_scores: [7.9999999996560565, 7.999999999040474]
num_columns: 64
num_samples: 38
samples: 0 38 [   8   34   66   78   80  131  172  186  255  272  292  340  369  435
  467  522  531  548  558  590  590  604  655  657  696  710  716  762
  797  799  823  896  922  924  930  940 1000 1017]
samples: 1 38 [  2  47  50  63  76  81 114 130 167 175 220 259 262 287 323 393 426 435
 461 540 586 592 600 611 631 651 667 701 726 794 805 813 838 855 892 894
 897 923]
sampled_K: (38, 64)
rescaling_coefficients: (38,)
SK: (38, 64)
Sb: (38,)
normal matrix: (64, 64)
x: (64,)
time: 0.006595912000000093
loss: 0.38095906550510084
