###################################
2022-05-16 23:49:56.100232
Namespace(ndim=2, rows=256, cols=8, alg=4, seed=2, l2_regularization=0.001, epsilon=0.1, delta=0.01, alpha=1e-06, samples=0)
leverage_scores: [7.99999999943119, 8.000000003689236]
num_columns: 64
num_samples: 38
samples: 0 38 [  0   8  21  24  28  35  37  40  49  50  65  84  87  93 113 118 123 132
 158 161 164 169 171 175 175 178 183 186 189 196 203 204 205 214 223 225
 235 240]
samples: 1 38 [  2  11  12  14  18  23  24  34  37  39  50  56  56  73  83  86  90  93
 108 114 117 123 135 148 150 150 151 168 169 176 195 216 225 229 236 238
 247 248]
sampled_K: (38, 64)
rescaling_coefficients: (38,)
SK: (38, 64)
Sb: (38,)
normal matrix: (64, 64)
x: (64,)
time: 0.0035157900000000186
loss: 0.026583201885454745
