###################################
2022-05-15 23:54:55.309774
Namespace(ndim=1, rows=8192, cols=16, alg=4, seed=3, l2_regularization=0.001, epsilon=0.1, delta=0.01, alpha=0.01)
leverage_scores: [16.000000012413608]
num_columns: 16
num_samples: 79984
samples: 0 79984 [   0    0    0 ... 8191 8191 8191]
sampled_K: (79984, 16)
rescaling_coefficients: (79984,)
SK: (79984, 16)
Sb: (79984,)
normal matrix: (16, 16)
x: (16,)
time: 0.05778571099999996
loss: 0.0005784336041732331
