###################################
2022-05-16 00:08:08.764271
Namespace(ndim=1, rows=16384, cols=8, alg=4, seed=0, l2_regularization=0.001, epsilon=0.1, delta=0.01, alpha=0.01)
leverage_scores: [8.000000000150594]
num_columns: 8
num_samples: 35702
samples: 0 35702 [    0     0     0 ... 16383 16383 16383]
sampled_K: (35702, 8)
rescaling_coefficients: (35702,)
SK: (35702, 8)
Sb: (35702,)
normal matrix: (8, 8)
x: (8,)
time: 0.05029885599999995
loss: 0.0021905928316660744
