###################################
2022-05-15 23:39:04.557325
Namespace(ndim=1, rows=1024, cols=128, alg=4, seed=0, l2_regularization=0.001, epsilon=0.1, delta=0.01, alpha=0.01)
leverage_scores: [128.0000000067454]
num_columns: 128
num_samples: 845802
samples: 0 845802 [   0    0    0 ... 1023 1023 1023]
sampled_K: (845802, 128)
rescaling_coefficients: (845802,)
SK: (845802, 128)
Sb: (845802,)
normal matrix: (128, 128)
x: (128,)
time: 10.110000519
loss: 1.5244566453211094e-05
