###################################
2022-05-16 00:13:41.194922
Namespace(ndim=1, rows=16384, cols=32, alg=4, seed=3, l2_regularization=0.001, epsilon=0.1, delta=0.01, alpha=0.01)
leverage_scores: [32.00000000129986]
num_columns: 32
num_samples: 177129
samples: 0 177129 [    0     0     0 ... 16383 16383 16383]
sampled_K: (177129, 32)
rescaling_coefficients: (177129,)
SK: (177129, 32)
Sb: (177129,)
normal matrix: (32, 32)
x: (32,)
time: 0.2503438250000001
loss: 0.0005413341747066069
