###################################
2022-05-15 23:48:09.562764
Namespace(ndim=1, rows=4096, cols=32, alg=4, seed=0, l2_regularization=0.001, epsilon=0.1, delta=0.01, alpha=0.01)
leverage_scores: [32.00000000369305]
num_columns: 32
num_samples: 177129
samples: 0 177129 [   0    0    0 ... 4095 4095 4095]
sampled_K: (177129, 32)
rescaling_coefficients: (177129,)
SK: (177129, 32)
Sb: (177129,)
normal matrix: (32, 32)
x: (32,)
time: 0.20715679999999992
loss: 0.00016238194349458174
