###################################
2022-05-16 23:49:54.999901
Namespace(ndim=2, rows=256, cols=8, alg=4, seed=1, l2_regularization=0.001, epsilon=0.1, delta=0.01, alpha=1e-06, samples=0)
leverage_scores: [8.0000000015159, 7.99999999992105]
num_columns: 64
num_samples: 38
samples: 0 38 [ 24  30  34  51  57  59  65  68  78 100 105 105 113 121 121 121 128 131
 133 146 146 155 159 162 171 173 185 187 200 202 206 212 225 225 237 245
 253 255]
samples: 1 38 [ 21  21  23  27  29  29  30  34  37  38  45  58  86  92  97 103 104 107
 109 120 130 135 142 143 150 153 162 165 169 173 176 177 181 202 211 230
 237 238]
sampled_K: (38, 64)
rescaling_coefficients: (38,)
SK: (38, 64)
Sb: (38,)
normal matrix: (64, 64)
x: (64,)
time: 0.004022578000000054
loss: 0.024026796883791012
