###################################
2022-05-15 23:35:07.234143
Namespace(ndim=1, rows=512, cols=128, alg=4, seed=4, l2_regularization=0.001, epsilon=0.1, delta=0.01, alpha=0.01)
leverage_scores: [128.00000000135495]
num_columns: 128
num_samples: 845802
samples: 0 845802 [  0   0   0 ... 511 511 511]
sampled_K: (845802, 128)
rescaling_coefficients: (845802,)
SK: (845802, 128)
Sb: (845802,)
normal matrix: (128, 128)
x: (128,)
time: 10.486932166999999
loss: 1.1242832589012794e-05
