###################################
2022-05-15 23:37:05.589112
Namespace(ndim=1, rows=1024, cols=2, alg=4, seed=0, l2_regularization=0.001, epsilon=0.1, delta=0.01, alpha=0.01)
leverage_scores: [1.999999998731155]
num_columns: 2
num_samples: 6780
samples: 0 6780 [   0    0    0 ... 1023 1023 1023]
sampled_K: (6780, 2)
rescaling_coefficients: (6780,)
SK: (6780, 2)
Sb: (6780,)
normal matrix: (2, 2)
x: (2,)
time: 0.004261116999999981
loss: 0.0009831630467155605
