###################################
2022-05-16 00:19:00.954142
Namespace(ndim=1, rows=16384, cols=64, alg=4, seed=3, l2_regularization=0.001, epsilon=0.1, delta=0.01, alpha=0.01)
leverage_scores: [63.9999999752993]
num_columns: 64
num_samples: 388580
samples: 0 388580 [    0     0     0 ... 16383 16383 16383]
sampled_K: (388580, 64)
rescaling_coefficients: (388580,)
SK: (388580, 64)
Sb: (388580,)
normal matrix: (64, 64)
x: (64,)
time: 1.3634499660000001
loss: 0.000270930186001894
