###################################
2022-05-15 23:47:44.889110
Namespace(ndim=1, rows=4096, cols=16, alg=4, seed=0, l2_regularization=0.001, epsilon=0.1, delta=0.01, alpha=0.01)
leverage_scores: [15.999999996716705]
num_columns: 16
num_samples: 79984
samples: 0 79984 [   0    0    0 ... 4095 4095 4095]
sampled_K: (79984, 16)
rescaling_coefficients: (79984,)
SK: (79984, 16)
Sb: (79984,)
normal matrix: (16, 16)
x: (16,)
time: 0.04691490999999992
loss: 0.0003196647622789445
