###################################
2022-05-15 23:46:51.493696
Namespace(ndim=1, rows=4096, cols=2, alg=4, seed=4, l2_regularization=0.001, epsilon=0.1, delta=0.01, alpha=0.01)
leverage_scores: [1.9999999980621035]
num_columns: 2
num_samples: 6780
samples: 0 6780 [   1    2    4 ... 4091 4094 4095]
sampled_K: (6780, 2)
rescaling_coefficients: (6780,)
SK: (6780, 2)
Sb: (6780,)
normal matrix: (2, 2)
x: (2,)
time: 0.01134906899999999
loss: 0.0024951604386174078
