###################################
2022-05-16 23:50:11.598330
Namespace(ndim=2, rows=2048, cols=8, alg=4, seed=1, l2_regularization=0.001, epsilon=0.1, delta=0.01, alpha=1e-06, samples=0)
leverage_scores: [8.000000004121382, 8.00000000113097]
num_columns: 64
num_samples: 38
samples: 0 38 [ 139  141  173  178  204  251  342  348  367  465  485  494  526  548
  558  587  776  791  821  847  903 1167 1205 1355 1467 1474 1476 1494
 1600 1629 1632 1847 1847 1878 1901 1913 1949 2017]
samples: 1 38 [   9  118  157  298  368  478  491  501  512  553  561  626  729  730
  897  947 1002 1056 1089 1100 1142 1152 1192 1317 1428 1475 1501 1587
 1646 1676 1742 1744 1776 1820 1859 1911 1936 1975]
sampled_K: (38, 64)
rescaling_coefficients: (38,)
SK: (38, 64)
Sb: (38,)
normal matrix: (64, 64)
x: (64,)
time: 0.012464607999999933
loss: 1.683099631655759
