###################################
2022-05-16 00:10:25.908253
Namespace(ndim=1, rows=16384, cols=16, alg=4, seed=3, l2_regularization=0.001, epsilon=0.1, delta=0.01, alpha=0.01)
leverage_scores: [16.00000000222813]
num_columns: 16
num_samples: 79984
samples: 0 79984 [    0     0     0 ... 16383 16383 16383]
sampled_K: (79984, 16)
rescaling_coefficients: (79984,)
SK: (79984, 16)
Sb: (79984,)
normal matrix: (16, 16)
x: (16,)
time: 0.08352743299999998
loss: 0.0010905830951278154
