###################################
2022-05-16 23:50:19.267138
Namespace(ndim=2, rows=4096, cols=8, alg=4, seed=2, l2_regularization=0.001, epsilon=0.1, delta=0.01, alpha=1e-06, samples=0)
leverage_scores: [8.000000001655925, 8.000000001522851]
num_columns: 64
num_samples: 38
samples: 0 38 [  31  276  363  381  394  656  657  776  899  909  930  940  975 1100
 1281 1346 1350 1487 1549 1707 1817 1919 1930 1941 1984 2144 2148 2628
 2662 2667 2771 2818 2837 3207 3438 3637 3905 4093]
samples: 1 38 [  68  119  190  237  248  342  587  799  812  881 1024 1026 1114 1234
 1235 1289 1421 1657 1721 1899 1901 2051 2059 2097 2128 2156 2164 2382
 2660 2705 2742 2849 2900 3155 3334 3383 3472 3497]
sampled_K: (38, 64)
rescaling_coefficients: (38,)
SK: (38, 64)
Sb: (38,)
normal matrix: (64, 64)
x: (64,)
time: 0.02274171600000008
loss: 12.68498844002324
