###################################
2022-05-15 23:28:36.150918
Namespace(ndim=1, rows=256, cols=16, alg=4, seed=1, l2_regularization=0.001, epsilon=0.1, delta=0.01, alpha=0.01)
leverage_scores: [16.00000000323362]
num_columns: 16
num_samples: 79984
samples: 0 79984 [  0   0   0 ... 255 255 255]
sampled_K: (79984, 16)
rescaling_coefficients: (79984,)
SK: (79984, 16)
Sb: (79984,)
normal matrix: (16, 16)
x: (16,)
time: 0.03411741899999998
loss: 7.823984584992596e-05
