###################################
2022-05-16 00:04:52.439912
Namespace(ndim=1, rows=16384, cols=2, alg=4, seed=0, l2_regularization=0.001, epsilon=0.1, delta=0.01, alpha=0.01)
leverage_scores: [2.000000003206358]
num_columns: 2
num_samples: 6780
samples: 0 6780 [    2     2     5 ... 16383 16383 16383]
sampled_K: (6780, 2)
rescaling_coefficients: (6780,)
SK: (6780, 2)
Sb: (6780,)
normal matrix: (2, 2)
x: (2,)
time: 0.041915322000000144
loss: 0.008692468779628884
