###################################
2022-05-16 23:50:12.791228
Namespace(ndim=2, rows=2048, cols=8, alg=4, seed=2, l2_regularization=0.001, epsilon=0.1, delta=0.01, alpha=1e-06, samples=0)
leverage_scores: [8.000000001460325, 7.999999998263196]
num_columns: 64
num_samples: 38
samples: 0 38 [  23   58  114  133  176  196  368  412  615  738  766  786  842  948
  968 1121 1179 1193 1196 1264 1316 1342 1362 1365 1400 1415 1541 1582
 1632 1657 1665 1697 1725 1734 1892 1908 1930 2031]
samples: 1 38 [  16   22   65  104  116  159  161  213  214  219  242  266  391  419
  454  596  629  648  756  768  770  792  856  910  915 1134 1250 1267
 1355 1361 1397 1644 1672 1697 1801 1836 1887 1897]
sampled_K: (38, 64)
rescaling_coefficients: (38,)
SK: (38, 64)
Sb: (38,)
normal matrix: (64, 64)
x: (64,)
time: 0.012947146999999992
loss: 1.8033890677702906
