###################################
2022-05-15 23:55:52.425476
Namespace(ndim=1, rows=8192, cols=32, alg=4, seed=3, l2_regularization=0.001, epsilon=0.1, delta=0.01, alpha=0.01)
leverage_scores: [31.999999996015323]
num_columns: 32
num_samples: 177129
samples: 0 177129 [   0    0    0 ... 8191 8191 8191]
sampled_K: (177129, 32)
rescaling_coefficients: (177129,)
SK: (177129, 32)
Sb: (177129,)
normal matrix: (32, 32)
x: (32,)
time: 0.22111643700000005
loss: 0.00028874568340904737
