###################################
2022-05-15 23:24:14.768100
Namespace(ndim=1, rows=128, cols=32, alg=4, seed=0, l2_regularization=0.001, epsilon=0.1, delta=0.01, alpha=0.01)
leverage_scores: [32.000000000395744]
num_columns: 32
num_samples: 177129
samples: 0 177129 [  0   0   0 ... 127 127 127]
sampled_K: (177129, 32)
rescaling_coefficients: (177129,)
SK: (177129, 32)
Sb: (177129,)
normal matrix: (32, 32)
x: (32,)
time: 0.18314621899999994
loss: 3.5014932749881904e-05
