###################################
2022-05-15 23:24:35.712005
Namespace(ndim=1, rows=128, cols=64, alg=4, seed=1, l2_regularization=0.001, epsilon=0.1, delta=0.01, alpha=0.01)
leverage_scores: [63.99999999664512]
num_columns: 64
num_samples: 388580
samples: 0 388580 [  0   0   0 ... 127 127 127]
sampled_K: (388580, 64)
rescaling_coefficients: (388580,)
SK: (388580, 64)
Sb: (388580,)
normal matrix: (64, 64)
x: (64,)
time: 1.2257995300000002
loss: 1.739062655041129e-05
