###################################
2022-05-15 23:30:32.070541
Namespace(ndim=1, rows=256, cols=128, alg=4, seed=4, l2_regularization=0.001, epsilon=0.1, delta=0.01, alpha=0.01)
leverage_scores: [127.99999999109973]
num_columns: 128
num_samples: 845802
samples: 0 845802 [  0   0   0 ... 255 255 255]
sampled_K: (845802, 128)
rescaling_coefficients: (845802,)
SK: (845802, 128)
Sb: (845802,)
normal matrix: (128, 128)
x: (128,)
time: 10.30550169
loss: 9.389737759372842e-06
