###################################
2022-05-16 23:23:58.619725
Namespace(ndim=2, rows=256, cols=8, alg=4, seed=0, l2_regularization=0.001, epsilon=0.1, delta=0.01, alpha=1e-06, samples=0)
leverage_scores: [8.000000001523553, 7.999999999061956]
num_columns: 64
num_samples: 38
samples: 0 38 [  0   2   3   5  28  33  37  42  47  47  49  53  59  60  64  66 108 110
 112 114 115 117 120 124 136 147 160 167 171 192 194 199 209 223 234 236
 238 244]
samples: 1 38 [  1  10  12  41  47  51  71 103 112 113 114 116 123 125 128 133 140 142
 145 153 154 161 176 185 187 191 194 195 208 215 216 220 226 228 234 235
 247 250]
sampled_K: (38, 64)
rescaling_coefficients: (38,)
SK: (38, 64)
Sb: (38,)
normal matrix: (64, 64)
x: (64,)
time: 0.003408179000000011
loss: 0.02465724667349229
