###################################
2022-05-16 23:50:25.642849
Namespace(ndim=2, rows=8192, cols=8, alg=4, seed=1, l2_regularization=0.001, epsilon=0.1, delta=0.01, alpha=1e-06, samples=0)
leverage_scores: [7.999999999410392, 8.000000009111915]
num_columns: 64
num_samples: 38
samples: 0 38 [1182 1367 1514 1529 1741 1869 2012 2020 2094 2499 2509 2577 2710 2872
 3210 3481 3579 3924 3966 4002 4283 4339 4864 5021 5409 5449 5537 5988
 6408 6526 6798 6982 7047 7693 7856 7925 8123 8153]
samples: 1 38 [ 124  151  170  709  848  993 1036 1177 1200 1225 1505 1513 1722 1810
 2389 2505 2674 2823 3528 3667 3691 3798 3863 4558 4846 4936 4947 5123
 5360 5906 6012 6016 6122 6175 6559 7418 7756 7971]
sampled_K: (38, 64)
rescaling_coefficients: (38,)
SK: (38, 64)
Sb: (38,)
normal matrix: (64, 64)
x: (64,)
time: 0.05395963699999995
loss: 21.8135941987684
