###################################
2022-05-16 00:08:10.522328
Namespace(ndim=1, rows=16384, cols=8, alg=4, seed=3, l2_regularization=0.001, epsilon=0.1, delta=0.01, alpha=0.01)
leverage_scores: [7.9999999858132105]
num_columns: 8
num_samples: 35702
samples: 0 35702 [    0     0     1 ... 16381 16382 16382]
sampled_K: (35702, 8)
rescaling_coefficients: (35702,)
SK: (35702, 8)
Sb: (35702,)
normal matrix: (8, 8)
x: (8,)
time: 0.05196080199999997
loss: 0.0021641131061039343
