###################################
2022-05-15 23:24:02.234488
Namespace(ndim=1, rows=128, cols=16, alg=4, seed=4, l2_regularization=0.001, epsilon=0.1, delta=0.01, alpha=0.01)
leverage_scores: [15.999999999935213]
num_columns: 16
num_samples: 79984
samples: 0 79984 [  0   0   0 ... 127 127 127]
sampled_K: (79984, 16)
rescaling_coefficients: (79984,)
SK: (79984, 16)
Sb: (79984,)
normal matrix: (16, 16)
x: (16,)
time: 0.033721846999999805
loss: 6.94723680214912e-05
