###################################
2022-05-16 23:50:01.640914
Namespace(ndim=2, rows=512, cols=8, alg=4, seed=2, l2_regularization=0.001, epsilon=0.1, delta=0.01, alpha=1e-06, samples=0)
leverage_scores: [7.999999999742132, 8.000000000977668]
num_columns: 64
num_samples: 38
samples: 0 38 [  2   4   9  40  40  41  44  46  47  68  72 104 110 123 130 241 295 315
 323 344 352 356 360 363 380 405 407 414 426 436 450 450 454 461 470 471
 501 506]
samples: 1 38 [ 24  29  36  45  90 100 100 111 136 181 181 230 231 247 260 282 282 313
 319 321 332 341 356 370 374 380 386 391 397 397 399 418 425 428 439 442
 449 463]
sampled_K: (38, 64)
rescaling_coefficients: (38,)
SK: (38, 64)
Sb: (38,)
normal matrix: (64, 64)
x: (64,)
time: 0.004645921000000053
loss: 0.1296066208451482
