###################################
2022-05-15 23:46:49.875657
Namespace(ndim=1, rows=4096, cols=2, alg=4, seed=1, l2_regularization=0.001, epsilon=0.1, delta=0.01, alpha=0.01)
leverage_scores: [2.0000000021219138]
num_columns: 2
num_samples: 6780
samples: 0 6780 [   0    0    0 ... 4092 4092 4093]
sampled_K: (6780, 2)
rescaling_coefficients: (6780,)
SK: (6780, 2)
Sb: (6780,)
normal matrix: (2, 2)
x: (2,)
time: 0.01146935800000004
loss: 0.0024918524654381586
