###################################
2022-05-16 23:47:40.804674
Namespace(ndim=2, rows=1024, cols=2, alg=4, seed=1, l2_regularization=0.001, epsilon=0.1, delta=0.01, alpha=1e-06, samples=0)
leverage_scores: [1.999999999607135, 1.999999999441933]
num_columns: 4
num_samples: 1
samples: 0 1 [635]
samples: 1 1 [460]
sampled_K: (1, 4)
rescaling_coefficients: (1,)
SK: (1, 4)
Sb: (1,)
normal matrix: (4, 4)
x: (4,)
time: 0.0057171069999999435
loss: 1.2124514100001993
