###################################
2022-05-15 23:28:58.610429
Namespace(ndim=1, rows=256, cols=32, alg=5, seed=3, l2_regularization=0.001, epsilon=0.1, delta=0.01, alpha=0.01)
leverage_scores: [32.00000000124121]
num_columns: 32
num_samples: 177129
samples: 0 177129 [  0   0   0 ... 255 255 255]
sampled_K: (177129, 32)
rescaling_coefficients: (177129,)
SK: (177129, 32)
Sb: (177129,)
KtStSb: (32, 1)
time: 0.969900413
loss: 3.897410127666543e-05
