###################################
2022-05-15 23:56:06.981600
Namespace(ndim=1, rows=8192, cols=32, alg=5, seed=2, l2_regularization=0.001, epsilon=0.1, delta=0.01, alpha=0.01)
leverage_scores: [31.999999999466613]
num_columns: 32
num_samples: 177129
samples: 0 177129 [   0    0    0 ... 8191 8191 8191]
sampled_K: (177129, 32)
rescaling_coefficients: (177129,)
SK: (177129, 32)
Sb: (177129,)
KtStSb: (32, 1)
time: 6.193829488
loss: 0.0002772995941638667
