###################################
2022-05-16 23:50:57.324418
Namespace(ndim=2, rows=16384, cols=8, alg=5, seed=1, l2_regularization=0.001, epsilon=0.1, delta=0.01, alpha=1e-06, samples=0)
leverage_scores: [8.000000007039162, 7.999999994454284]
num_columns: 64
num_samples: 38
samples: 0 38 [  148   405   500   529   667   931  1182  1330  1496  1549  2700  3899
  5966  6700  7331  7445  8768 10373 10546 11093 11828 12805 13362 13423
 13549 13621 13744 13829 13946 13979 14170 14615 14689 15036 15046 15317
 16259 16361]
samples: 1 38 [   18    78    90   463  1732  1847  2334  2592  2617  3240  3562  4100
  4724  5875  6736  6839  8969  9504  9856 12053 12101 12397 12659 13180
 14298 14376 14388 14710 14898 14990 15273 15388 15483 16066 16140 16306
 16367 16376]
sampled_K: (38, 64)
rescaling_coefficients: (38,)
SK: (38, 64)
Sb: (38,)
KtStSb: (64, 1)
time: 0.08803594800000014
loss: 112.29195186716254
