###################################
2022-05-15 23:46:55.476816
Namespace(ndim=1, rows=4096, cols=2, alg=5, seed=4, l2_regularization=0.001, epsilon=0.1, delta=0.01, alpha=0.01)
leverage_scores: [1.9999999980621035]
num_columns: 2
num_samples: 6780
samples: 0 6780 [   1    2    4 ... 4091 4094 4095]
sampled_K: (6780, 2)
rescaling_coefficients: (6780,)
SK: (6780, 2)
Sb: (6780,)
KtStSb: (2, 1)
time: 0.3473014430000001
loss: 0.0024951604385060706
