###################################
2022-05-15 23:28:25.114352
Namespace(ndim=1, rows=256, cols=8, alg=5, seed=1, l2_regularization=0.001, epsilon=0.1, delta=0.01, alpha=0.01)
leverage_scores: [8.0000000015159]
num_columns: 8
num_samples: 35702
samples: 0 35702 [  0   0   0 ... 255 255 255]
sampled_K: (35702, 8)
rescaling_coefficients: (35702,)
SK: (35702, 8)
Sb: (35702,)
KtStSb: (8, 1)
time: 0.05039019999999983
loss: 0.00016065111837196684
