###################################
2022-05-16 23:48:04.973829
Namespace(ndim=2, rows=8192, cols=2, alg=5, seed=1, l2_regularization=0.001, epsilon=0.1, delta=0.01, alpha=1e-06, samples=0)
leverage_scores: [2.000000000945282, 1.9999999940958901]
num_columns: 4
num_samples: 1
samples: 0 1 [7798]
samples: 1 1 [5955]
sampled_K: (1, 4)
rescaling_coefficients: (1,)
SK: (1, 4)
Sb: (1,)
KtStSb: (4, 1)
time: 0.057817307000000095
loss: 3.777557405173406e+54
