###################################
2022-05-15 23:27:59.401139
Namespace(ndim=1, rows=256, cols=2, alg=5, seed=3, l2_regularization=0.001, epsilon=0.1, delta=0.01, alpha=0.01)
leverage_scores: [2.0000000001760245]
num_columns: 2
num_samples: 6780
samples: 0 6780 [  0   0   0 ... 255 255 255]
sampled_K: (6780, 2)
rescaling_coefficients: (6780,)
SK: (6780, 2)
Sb: (6780,)
KtStSb: (2, 1)
time: 0.0050040760000000795
loss: 0.0006434445795647543
