###################################
2022-05-15 23:37:52.637548
Namespace(ndim=1, rows=1024, cols=16, alg=5, seed=3, l2_regularization=0.001, epsilon=0.1, delta=0.01, alpha=0.01)
leverage_scores: [16.00000000587695]
num_columns: 16
num_samples: 79984
samples: 0 79984 [   0    0    0 ... 1023 1023 1023]
sampled_K: (79984, 16)
rescaling_coefficients: (79984,)
SK: (79984, 16)
Sb: (79984,)
KtStSb: (16, 1)
time: 0.286152961
loss: 0.00012762753000769396
