###################################
2022-05-15 23:45:16.119241
Namespace(ndim=1, rows=2048, cols=128, alg=5, seed=1, l2_regularization=0.001, epsilon=0.1, delta=0.01, alpha=0.01)
leverage_scores: [127.99999999473029]
num_columns: 128
num_samples: 845802
samples: 0 845802 [   0    0    0 ... 2047 2047 2047]
sampled_K: (845802, 128)
rescaling_coefficients: (845802,)
SK: (845802, 128)
Sb: (845802,)
KtStSb: (128, 1)
time: 20.341802309
loss: 2.4114952679096855e-05
