###################################
2022-05-15 23:56:00.456022
Namespace(ndim=1, rows=8192, cols=32, alg=5, seed=1, l2_regularization=0.001, epsilon=0.1, delta=0.01, alpha=0.01)
leverage_scores: [32.000000009562626]
num_columns: 32
num_samples: 177129
samples: 0 177129 [   0    0    0 ... 8191 8191 8191]
sampled_K: (177129, 32)
rescaling_coefficients: (177129,)
SK: (177129, 32)
Sb: (177129,)
KtStSb: (32, 1)
time: 6.026641174
loss: 0.00028894421062737466
