###################################
2022-05-16 00:32:22.540086
Namespace(ndim=1, rows=16384, cols=128, alg=5, seed=2, l2_regularization=0.001, epsilon=0.1, delta=0.01, alpha=0.01)
leverage_scores: [128.00000000657886]
num_columns: 128
num_samples: 845802
samples: 0 845802 [    0     0     0 ... 16383 16383 16383]
sampled_K: (845802, 128)
rescaling_coefficients: (845802,)
SK: (845802, 128)
Sb: (845802,)
KtStSb: (128, 1)
time: 88.103168709
loss: 0.00013694403656471275
