###################################
2022-05-16 23:48:39.765317
Namespace(ndim=2, rows=128, cols=4, alg=5, seed=2, l2_regularization=0.001, epsilon=0.1, delta=0.01, alpha=1e-06, samples=0)
leverage_scores: [4.0000000010243175, 4.000000000062655]
num_columns: 16
num_samples: 7
samples: 0 7 [  7  30  64  96 101 119 120]
samples: 1 7 [ 1  7 13 16 47 73 85]
sampled_K: (7, 16)
rescaling_coefficients: (7,)
SK: (7, 16)
Sb: (7,)
KtStSb: (16, 1)
time: 0.01493869400000003
loss: 405405446.51946354
