###################################
2022-05-15 23:28:41.529271
Namespace(ndim=1, rows=256, cols=16, alg=5, seed=4, l2_regularization=0.001, epsilon=0.1, delta=0.01, alpha=0.01)
leverage_scores: [16.00000000137572]
num_columns: 16
num_samples: 79984
samples: 0 79984 [  0   0   0 ... 255 255 255]
sampled_K: (79984, 16)
rescaling_coefficients: (79984,)
SK: (79984, 16)
Sb: (79984,)
KtStSb: (16, 1)
time: 0.23940080299999988
loss: 7.794818110923695e-05
