###################################
2022-05-16 23:47:50.432568
Namespace(ndim=2, rows=2048, cols=2, alg=5, seed=2, l2_regularization=0.001, epsilon=0.1, delta=0.01, alpha=1e-06, samples=0)
leverage_scores: [2.000000002475403, 2.000000001988668]
num_columns: 4
num_samples: 1
samples: 0 1 [170]
samples: 1 1 [1414]
sampled_K: (1, 4)
rescaling_coefficients: (1,)
SK: (1, 4)
Sb: (1,)
KtStSb: (4, 1)
time: 0.018783895999999967
loss: 6.395488492362501e+52
