###################################
2022-05-15 23:31:42.536106
Namespace(ndim=1, rows=256, cols=128, alg=5, seed=3, l2_regularization=0.001, epsilon=0.1, delta=0.01, alpha=0.01)
leverage_scores: [127.99999997465271]
num_columns: 128
num_samples: 845802
samples: 0 845802 [  0   0   0 ... 255 255 255]
sampled_K: (845802, 128)
rescaling_coefficients: (845802,)
SK: (845802, 128)
Sb: (845802,)
KtStSb: (128, 1)
time: 19.223078757
loss: 9.601843062943153e-06
