###################################
2022-05-15 23:25:01.363869
Namespace(ndim=1, rows=128, cols=64, alg=5, seed=4, l2_regularization=0.001, epsilon=0.1, delta=0.01, alpha=0.01)
leverage_scores: [63.999999995746194]
num_columns: 64
num_samples: 388580
samples: 0 388580 [  0   0   0 ... 127 127 127]
sampled_K: (388580, 64)
rescaling_coefficients: (388580,)
SK: (388580, 64)
Sb: (388580,)
KtStSb: (64, 1)
time: 4.06006193
loss: 1.7433963045796e-05
