###################################
2022-05-15 23:37:24.537765
Namespace(ndim=1, rows=1024, cols=4, alg=5, seed=4, l2_regularization=0.001, epsilon=0.1, delta=0.01, alpha=0.01)
leverage_scores: [3.999999999943235]
num_columns: 4
num_samples: 15706
samples: 0 15706 [   0    0    0 ... 1023 1023 1023]
sampled_K: (15706, 4)
rescaling_coefficients: (15706,)
SK: (15706, 4)
Sb: (15706,)
KtStSb: (4, 1)
time: 0.03908975800000003
loss: 0.0004988669833900156
