###################################
2022-05-16 23:50:21.486569
Namespace(ndim=2, rows=4096, cols=8, alg=5, seed=1, l2_regularization=0.001, epsilon=0.1, delta=0.01, alpha=1e-06, samples=0)
leverage_scores: [8.000000004908884, 7.999999998798735]
num_columns: 64
num_samples: 38
samples: 0 38 [   2  159  239  247  739  806 1113 1227 1442 1488 1678 1678 1728 1784
 1814 2022 2038 2204 2273 2319 2449 2499 2530 2548 2853 2919 3005 3207
 3222 3248 3312 3446 3479 3598 3632 3741 3742 4068]
samples: 1 38 [ 142  251  270  289  335  691  852 1172 1187 1254 1261 1380 1554 1565
 1687 1687 1737 1912 2177 2230 2232 2503 2642 2684 2721 2781 3089 3105
 3131 3512 3626 3656 3661 3743 3772 3836 3848 4063]
sampled_K: (38, 64)
rescaling_coefficients: (38,)
SK: (38, 64)
Sb: (38,)
KtStSb: (64, 1)
time: 0.02960704000000014
loss: 6.410300509435188
