###################################
2022-05-15 23:37:36.217006
Namespace(ndim=1, rows=1024, cols=8, alg=5, seed=0, l2_regularization=0.001, epsilon=0.1, delta=0.01, alpha=0.01)
leverage_scores: [7.999999998787396]
num_columns: 8
num_samples: 35702
samples: 0 35702 [   0    0    0 ... 1023 1023 1023]
sampled_K: (35702, 8)
rescaling_coefficients: (35702,)
SK: (35702, 8)
Sb: (35702,)
KtStSb: (8, 1)
time: 0.080007685
loss: 0.00024410110184841744
