###################################
2022-05-16 00:14:06.023169
Namespace(ndim=1, rows=16384, cols=32, alg=5, seed=1, l2_regularization=0.001, epsilon=0.1, delta=0.01, alpha=0.01)
leverage_scores: [32.000000017058056]
num_columns: 32
num_samples: 177129
samples: 0 177129 [    0     0     0 ... 16383 16383 16383]
sampled_K: (177129, 32)
rescaling_coefficients: (177129,)
SK: (177129, 32)
Sb: (177129,)
KtStSb: (32, 1)
time: 23.006118645
loss: 0.0005469225373397163
