###################################
2022-05-16 00:33:51.235914
Namespace(ndim=1, rows=16384, cols=128, alg=5, seed=3, l2_regularization=0.001, epsilon=0.1, delta=0.01, alpha=0.01)
leverage_scores: [127.99999997160901]
num_columns: 128
num_samples: 845802
samples: 0 845802 [    0     0     0 ... 16383 16383 16383]
sampled_K: (845802, 128)
rescaling_coefficients: (845802,)
SK: (845802, 128)
Sb: (845802,)
KtStSb: (128, 1)
time: 88.46658528900001
loss: 0.00013508289106969667
