###################################
2022-05-15 23:54:23.698766
Namespace(ndim=1, rows=8192, cols=8, alg=5, seed=3, l2_regularization=0.001, epsilon=0.1, delta=0.01, alpha=0.01)
leverage_scores: [7.999999986239224]
num_columns: 8
num_samples: 35702
samples: 0 35702 [   0    0    0 ... 8191 8191 8191]
sampled_K: (35702, 8)
rescaling_coefficients: (35702,)
SK: (35702, 8)
Sb: (35702,)
KtStSb: (8, 1)
time: 2.324380046
loss: 0.0011487102365620675
