###################################
2022-05-16 00:06:25.945516
Namespace(ndim=1, rows=16384, cols=4, alg=5, seed=0, l2_regularization=0.001, epsilon=0.1, delta=0.01, alpha=0.01)
leverage_scores: [4.000000006365173]
num_columns: 4
num_samples: 15706
samples: 0 15706 [    0     2     6 ... 16380 16380 16382]
sampled_K: (15706, 4)
rescaling_coefficients: (15706,)
SK: (15706, 4)
Sb: (15706,)
KtStSb: (4, 1)
time: 8.18801058
loss: 0.004333653528083279
