###################################
2022-05-15 23:53:11.850237
Namespace(ndim=1, rows=8192, cols=2, alg=5, seed=0, l2_regularization=0.001, epsilon=0.1, delta=0.01, alpha=0.01)
leverage_scores: [1.9999999988886108]
num_columns: 2
num_samples: 6780
samples: 0 6780 [   2    2    3 ... 8189 8191 8191]
sampled_K: (6780, 2)
rescaling_coefficients: (6780,)
SK: (6780, 2)
Sb: (6780,)
KtStSb: (2, 1)
time: 1.5311667379999998
loss: 0.0045073319745714295
