###################################
2022-05-15 23:37:09.524700
Namespace(ndim=1, rows=1024, cols=2, alg=5, seed=2, l2_regularization=0.001, epsilon=0.1, delta=0.01, alpha=0.01)
leverage_scores: [1.9999999999313973]
num_columns: 2
num_samples: 6780
samples: 0 6780 [   0    0    1 ... 1023 1023 1023]
sampled_K: (6780, 2)
rescaling_coefficients: (6780,)
SK: (6780, 2)
Sb: (6780,)
KtStSb: (2, 1)
time: 0.02086201700000001
loss: 0.0009850003330678313
