###################################
2022-05-15 23:33:52.695631
Namespace(ndim=1, rows=512, cols=64, alg=5, seed=0, l2_regularization=0.001, epsilon=0.1, delta=0.01, alpha=0.01)
leverage_scores: [64.00000000456964]
num_columns: 64
num_samples: 388580
samples: 0 388580 [  0   0   0 ... 511 511 511]
sampled_K: (388580, 64)
rescaling_coefficients: (388580,)
SK: (388580, 64)
Sb: (388580,)
KtStSb: (64, 1)
time: 3.992011606
loss: 2.373716535623095e-05
