###################################
2022-05-15 23:53:17.997879
Namespace(ndim=1, rows=8192, cols=2, alg=5, seed=3, l2_regularization=0.001, epsilon=0.1, delta=0.01, alpha=0.01)
leverage_scores: [2.0000000028946245]
num_columns: 2
num_samples: 6780
samples: 0 6780 [   0    2    3 ... 8190 8191 8191]
sampled_K: (6780, 2)
rescaling_coefficients: (6780,)
SK: (6780, 2)
Sb: (6780,)
KtStSb: (2, 1)
time: 1.5052022990000002
loss: 0.004504454129408313
