###################################
2022-05-16 23:23:58.089932
Namespace(ndim=2, rows=128, cols=8, alg=5, seed=0, l2_regularization=0.001, epsilon=0.1, delta=0.01, alpha=1e-06, samples=0)
leverage_scores: [7.9999999993990185, 8.000000000765361]
num_columns: 64
num_samples: 38
samples: 0 38 [  1   8  25  27  29  34  38  40  40  41  48  50  53  53  58  63  64  68
  69  72  72  77  83  83  84  85  86  91  97  97  98 104 117 119 119 121
 122 127]
samples: 1 38 [  0  10  11  19  20  22  22  29  30  32  39  40  45  47  57  57  61  64
  65  71  73  74  75  75  76  77  78  78  85  87  93  94  95  98 100 116
 118 124]
sampled_K: (38, 64)
rescaling_coefficients: (38,)
SK: (38, 64)
Sb: (38,)
KtStSb: (64, 1)
time: 0.010486175000000042
loss: 0.006204727672066609
