###################################
2022-05-15 23:42:59.976648
Namespace(ndim=1, rows=2048, cols=32, alg=5, seed=4, l2_regularization=0.001, epsilon=0.1, delta=0.01, alpha=0.01)
leverage_scores: [31.99999999974014]
num_columns: 32
num_samples: 177129
samples: 0 177129 [   0    0    0 ... 2047 2047 2047]
sampled_K: (177129, 32)
rescaling_coefficients: (177129,)
SK: (177129, 32)
Sb: (177129,)
KtStSb: (32, 1)
time: 1.2483561970000001
loss: 9.244827166644306e-05
