###################################
2022-05-16 00:11:26.548419
Namespace(ndim=1, rows=16384, cols=16, alg=5, seed=4, l2_regularization=0.001, epsilon=0.1, delta=0.01, alpha=0.01)
leverage_scores: [15.999999978429663]
num_columns: 16
num_samples: 79984
samples: 0 79984 [    0     1     1 ... 16383 16383 16383]
sampled_K: (79984, 16)
rescaling_coefficients: (79984,)
SK: (79984, 16)
Sb: (79984,)
KtStSb: (16, 1)
time: 14.295936691
loss: 0.0010794551606761688
