###################################
2022-05-15 23:55:12.299420
Namespace(ndim=1, rows=8192, cols=16, alg=5, seed=4, l2_regularization=0.001, epsilon=0.1, delta=0.01, alpha=0.01)
leverage_scores: [15.999999998955488]
num_columns: 16
num_samples: 79984
samples: 0 79984 [   0    0    0 ... 8191 8191 8191]
sampled_K: (79984, 16)
rescaling_coefficients: (79984,)
SK: (79984, 16)
Sb: (79984,)
KtStSb: (16, 1)
time: 3.4789700010000004
loss: 0.0005701555804889457
