###################################
2022-05-15 23:33:28.291403
Namespace(ndim=1, rows=512, cols=32, alg=5, seed=0, l2_regularization=0.001, epsilon=0.1, delta=0.01, alpha=0.01)
leverage_scores: [32.000000006655185]
num_columns: 32
num_samples: 177129
samples: 0 177129 [  0   0   0 ... 511 511 511]
sampled_K: (177129, 32)
rescaling_coefficients: (177129,)
SK: (177129, 32)
Sb: (177129,)
KtStSb: (32, 1)
time: 0.9562499220000003
loss: 4.718610028937037e-05
