###################################
2022-05-15 23:23:36.503378
Namespace(ndim=1, rows=128, cols=4, alg=5, seed=1, l2_regularization=0.001, epsilon=0.1, delta=0.01, alpha=0.01)
leverage_scores: [4.000000000583637]
num_columns: 4
num_samples: 15706
samples: 0 15706 [  0   0   0 ... 127 127 127]
sampled_K: (15706, 4)
rescaling_coefficients: (15706,)
SK: (15706, 4)
Sb: (15706,)
KtStSb: (4, 1)
time: 0.01892875499999991
loss: 0.00027865689026751456
