###################################
2022-05-15 23:46:53.735264
Namespace(ndim=1, rows=4096, cols=2, alg=5, seed=2, l2_regularization=0.001, epsilon=0.1, delta=0.01, alpha=0.01)
leverage_scores: [2.0000000002256484]
num_columns: 2
num_samples: 6780
samples: 0 6780 [   1    1    1 ... 4090 4091 4091]
sampled_K: (6780, 2)
rescaling_coefficients: (6780,)
SK: (6780, 2)
Sb: (6780,)
KtStSb: (2, 1)
time: 0.33420238199999996
loss: 0.0025682550927782328
