###################################
2022-05-16 00:01:41.637030
Namespace(ndim=1, rows=8192, cols=128, alg=5, seed=1, l2_regularization=0.001, epsilon=0.1, delta=0.01, alpha=0.01)
leverage_scores: [127.99999999664104]
num_columns: 128
num_samples: 845802
samples: 0 845802 [   0    0    0 ... 8191 8191 8191]
sampled_K: (845802, 128)
rescaling_coefficients: (845802,)
SK: (845802, 128)
Sb: (845802,)
KtStSb: (128, 1)
time: 35.947542475
loss: 7.246163598318572e-05
