###################################
2022-05-16 23:47:57.101799
Namespace(ndim=2, rows=4096, cols=2, alg=5, seed=2, l2_regularization=0.001, epsilon=0.1, delta=0.01, alpha=1e-06, samples=0)
leverage_scores: [2.0000000002256484, 1.999999996568549]
num_columns: 4
num_samples: 1
samples: 0 1 [3724]
samples: 1 1 [3994]
sampled_K: (1, 4)
rescaling_coefficients: (1,)
SK: (1, 4)
Sb: (1,)
KtStSb: (4, 1)
time: 0.027846312999999956
loss: 4.486793313479369e+53
