###################################
2022-05-16 23:49:52.239624
Namespace(ndim=2, rows=128, cols=8, alg=5, seed=1, l2_regularization=0.001, epsilon=0.1, delta=0.01, alpha=1e-06, samples=0)
leverage_scores: [8.000000000525656, 8.000000000291653]
num_columns: 64
num_samples: 38
samples: 0 38 [  0  12  18  18  21  25  37  37  38  38  39  42  45  45  51  51  61  64
  66  66  70  73  73  76  76  77  77  82  83  88  92  92  98  98 108 116
 120 126]
samples: 1 38 [  1  13  13  13  19  22  23  24  25  35  41  49  49  51  58  61  61  61
  64  70  74  77  78  79  81  81  89  96  96 101 104 104 106 110 114 119
 119 127]
sampled_K: (38, 64)
rescaling_coefficients: (38,)
SK: (38, 64)
Sb: (38,)
KtStSb: (64, 1)
time: 0.010712231999999933
loss: 0.007891139643332924
