###################################
2022-05-16 23:47:44.683598
Namespace(ndim=2, rows=1024, cols=2, alg=5, seed=2, l2_regularization=0.001, epsilon=0.1, delta=0.01, alpha=1e-06, samples=0)
leverage_scores: [1.9999999999313973, 2.0000000008634027]
num_columns: 4
num_samples: 1
samples: 0 1 [153]
samples: 1 1 [772]
sampled_K: (1, 4)
rescaling_coefficients: (1,)
SK: (1, 4)
Sb: (1,)
KtStSb: (4, 1)
time: 0.014021183999999964
loss: 8.828392130679514e+42
