###################################
2022-05-15 23:37:23.378308
Namespace(ndim=1, rows=1024, cols=4, alg=5, seed=2, l2_regularization=0.001, epsilon=0.1, delta=0.01, alpha=0.01)
leverage_scores: [4.000000001732451]
num_columns: 4
num_samples: 15706
samples: 0 15706 [   0    0    0 ... 1023 1023 1023]
sampled_K: (15706, 4)
rescaling_coefficients: (15706,)
SK: (15706, 4)
Sb: (15706,)
KtStSb: (4, 1)
time: 0.037762399
loss: 0.0005147846412527653
