###################################
2022-05-15 23:27:26.809724
Namespace(ndim=1, rows=128, cols=128, alg=5, seed=4, l2_regularization=0.001, epsilon=0.1, delta=0.01, alpha=0.01)
leverage_scores: [127.99662713988255]
num_columns: 128
num_samples: 845802
samples: 0 845802 [  0   0   0 ... 127 127 127]
sampled_K: (845802, 128)
rescaling_coefficients: (845802,)
SK: (845802, 128)
Sb: (845802,)
KtStSb: (128, 1)
time: 19.564827823
loss: 8.554044960961084e-06
