###################################
2022-05-15 23:28:38.435752
Namespace(ndim=1, rows=256, cols=16, alg=5, seed=0, l2_regularization=0.001, epsilon=0.1, delta=0.01, alpha=0.01)
leverage_scores: [15.999999997336184]
num_columns: 16
num_samples: 79984
samples: 0 79984 [  0   0   0 ... 255 255 255]
sampled_K: (79984, 16)
rescaling_coefficients: (79984,)
SK: (79984, 16)
Sb: (79984,)
KtStSb: (16, 1)
time: 0.23033251
loss: 7.836611678246517e-05
