###################################
2022-05-15 23:55:53.920380
Namespace(ndim=1, rows=8192, cols=32, alg=5, seed=0, l2_regularization=0.001, epsilon=0.1, delta=0.01, alpha=0.01)
leverage_scores: [31.999999998610146]
num_columns: 32
num_samples: 177129
samples: 0 177129 [   0    0    0 ... 8191 8191 8191]
sampled_K: (177129, 32)
rescaling_coefficients: (177129,)
SK: (177129, 32)
Sb: (177129,)
KtStSb: (32, 1)
time: 6.008489092
loss: 0.000287073587552071
