###################################
2022-05-16 23:47:43.522424
Namespace(ndim=2, rows=1024, cols=2, alg=5, seed=1, l2_regularization=0.001, epsilon=0.1, delta=0.01, alpha=1e-06, samples=0)
leverage_scores: [1.999999999607135, 1.999999999441933]
num_columns: 4
num_samples: 1
samples: 0 1 [635]
samples: 1 1 [460]
sampled_K: (1, 4)
rescaling_coefficients: (1,)
SK: (1, 4)
Sb: (1,)
KtStSb: (4, 1)
time: 0.01516996599999998
loss: 1.3990770534521985e+32
