###################################
2022-05-16 00:06:52.371532
Namespace(ndim=1, rows=16384, cols=4, alg=5, seed=3, l2_regularization=0.001, epsilon=0.1, delta=0.01, alpha=0.01)
leverage_scores: [4.0000000122639126]
num_columns: 4
num_samples: 15706
samples: 0 15706 [    0     0     0 ... 16381 16383 16383]
sampled_K: (15706, 4)
rescaling_coefficients: (15706,)
SK: (15706, 4)
Sb: (15706,)
KtStSb: (4, 1)
time: 8.397604974
loss: 0.00433229580385401
