###################################
2022-05-15 23:28:55.626930
Namespace(ndim=1, rows=256, cols=32, alg=5, seed=1, l2_regularization=0.001, epsilon=0.1, delta=0.01, alpha=0.01)
leverage_scores: [31.999999996143636]
num_columns: 32
num_samples: 177129
samples: 0 177129 [  0   0   0 ... 255 255 255]
sampled_K: (177129, 32)
rescaling_coefficients: (177129,)
SK: (177129, 32)
Sb: (177129,)
KtStSb: (32, 1)
time: 0.9841492679999999
loss: 3.816621794759594e-05
