###################################
2022-05-15 23:33:32.737623
Namespace(ndim=1, rows=512, cols=32, alg=5, seed=3, l2_regularization=0.001, epsilon=0.1, delta=0.01, alpha=0.01)
leverage_scores: [31.999999994689432]
num_columns: 32
num_samples: 177129
samples: 0 177129 [  0   0   0 ... 511 511 511]
sampled_K: (177129, 32)
rescaling_coefficients: (177129,)
SK: (177129, 32)
Sb: (177129,)
KtStSb: (32, 1)
time: 0.9492832539999998
loss: 4.788334382220835e-05
