###################################
2022-05-15 23:42:06.437857
Namespace(ndim=1, rows=2048, cols=4, alg=5, seed=3, l2_regularization=0.001, epsilon=0.1, delta=0.01, alpha=0.01)
leverage_scores: [4.000000001553358]
num_columns: 4
num_samples: 15706
samples: 0 15706 [   0    0    0 ... 2047 2047 2047]
sampled_K: (15706, 4)
rescaling_coefficients: (15706,)
SK: (15706, 4)
Sb: (15706,)
KtStSb: (4, 1)
time: 0.11741880199999999
loss: 0.0007280083423933284
