###################################
2022-05-15 23:53:20.047056
Namespace(ndim=1, rows=8192, cols=2, alg=5, seed=4, l2_regularization=0.001, epsilon=0.1, delta=0.01, alpha=0.01)
leverage_scores: [1.9999999982477399]
num_columns: 2
num_samples: 6780
samples: 0 6780 [   1    1    2 ... 8189 8189 8191]
sampled_K: (6780, 2)
rescaling_coefficients: (6780,)
SK: (6780, 2)
Sb: (6780,)
KtStSb: (2, 1)
time: 1.517371269
loss: 0.0045646181946314285
