###################################
2022-05-16 00:05:26.449044
Namespace(ndim=1, rows=16384, cols=2, alg=5, seed=4, l2_regularization=0.001, epsilon=0.1, delta=0.01, alpha=0.01)
leverage_scores: [1.9999999922292504]
num_columns: 2
num_samples: 6780
samples: 0 6780 [    1     3     5 ... 16375 16378 16380]
sampled_K: (6780, 2)
rescaling_coefficients: (6780,)
SK: (6780, 2)
Sb: (6780,)
KtStSb: (2, 1)
time: 7.231397564
loss: 0.008642972083474771
