###################################
2022-05-16 23:50:34.808330
Namespace(ndim=2, rows=8192, cols=8, alg=5, seed=2, l2_regularization=0.001, epsilon=0.1, delta=0.01, alpha=1e-06, samples=0)
leverage_scores: [7.999999987118436, 8.000000003313106]
num_columns: 64
num_samples: 38
samples: 0 38 [   9  418  630  657  860 1413 2020 2057 2893 2992 3153 3521 3677 3755
 4035 4114 4309 4407 4525 4613 5343 5666 5693 5782 5791 6216 6521 6570
 6609 6635 6909 7244 7339 7424 7548 7655 7962 8169]
samples: 1 38 [ 379  387  700 1022 1231 1433 1525 1755 2033 2591 2793 3106 3261 3635
 3820 4052 4131 4508 4751 4785 4914 4949 5372 5454 5549 5559 5983 6081
 6304 6517 6742 6846 6889 7550 7598 7807 7924 7948]
sampled_K: (38, 64)
rescaling_coefficients: (38,)
SK: (38, 64)
Sb: (38,)
KtStSb: (64, 1)
time: 0.06126098899999999
loss: 22.654288951419243
