###################################
2022-05-15 23:50:52.469179
Namespace(ndim=1, rows=4096, cols=128, alg=5, seed=0, l2_regularization=0.001, epsilon=0.1, delta=0.01, alpha=0.01)
leverage_scores: [128.00000000936456]
num_columns: 128
num_samples: 845802
samples: 0 845802 [   0    0    0 ... 4095 4095 4095]
sampled_K: (845802, 128)
rescaling_coefficients: (845802,)
SK: (845802, 128)
Sb: (845802,)
KtStSb: (128, 1)
time: 23.504365466
loss: 3.866975877497809e-05
