###################################
2022-05-15 23:23:35.957853
Namespace(ndim=1, rows=128, cols=4, alg=5, seed=0, l2_regularization=0.001, epsilon=0.1, delta=0.01, alpha=0.01)
leverage_scores: [4.0000000012849375]
num_columns: 4
num_samples: 15706
samples: 0 15706 [  0   0   0 ... 127 127 127]
sampled_K: (15706, 4)
rescaling_coefficients: (15706,)
SK: (15706, 4)
Sb: (15706,)
KtStSb: (4, 1)
time: 0.018504904000000044
loss: 0.0002874631871526855
