###################################
2022-05-15 23:54:18.022707
Namespace(ndim=1, rows=8192, cols=8, alg=5, seed=1, l2_regularization=0.001, epsilon=0.1, delta=0.01, alpha=0.01)
leverage_scores: [7.999999999410392]
num_columns: 8
num_samples: 35702
samples: 0 35702 [   0    0    0 ... 8189 8190 8190]
sampled_K: (35702, 8)
rescaling_coefficients: (35702,)
SK: (35702, 8)
Sb: (35702,)
KtStSb: (8, 1)
time: 2.347883385
loss: 0.0011353779649644479
