###################################
2022-05-16 23:51:03.742213
Namespace(ndim=2, rows=16384, cols=8, alg=5, seed=2, l2_regularization=0.001, epsilon=0.1, delta=0.01, alpha=1e-06, samples=0)
leverage_scores: [7.999999997070851, 8.000000006345639]
num_columns: 64
num_samples: 38
samples: 0 38 [  424   645   805  1045  1676  2890  4443  4446  4629  5581  5651  5671
  5887  5991  7069  7390  7596  8593  8941  9085  9277  9315  9579  9694
 10137 12010 12132 12273 12437 12760 12882 13017 13661 13773 14259 15537
 15560 15618]
samples: 1 38 [  348   375  1626  1628  1894  1951  2523  2659  2738  2744  2773  2945
  3018  3379  3920  4352  4803  5180  5192  5302  5967  6040  6227  6487
  7754  7913  8695  8866  9040  9613  9890 10829 14244 14371 14566 14574
 15394 15568]
sampled_K: (38, 64)
rescaling_coefficients: (38,)
SK: (38, 64)
Sb: (38,)
KtStSb: (64, 1)
time: 0.08715380399999995
loss: 101.945167785406
