###################################
2022-05-16 00:21:11.062853
Namespace(ndim=1, rows=16384, cols=64, alg=5, seed=3, l2_regularization=0.001, epsilon=0.1, delta=0.01, alpha=0.01)
leverage_scores: [63.9999999752993]
num_columns: 64
num_samples: 388580
samples: 0 388580 [    0     0     0 ... 16383 16383 16383]
sampled_K: (388580, 64)
rescaling_coefficients: (388580,)
SK: (388580, 64)
Sb: (388580,)
KtStSb: (64, 1)
time: 41.629539659
loss: 0.0002709301625539773
