###################################
2022-05-16 23:48:07.158605
Namespace(ndim=2, rows=8192, cols=2, alg=5, seed=2, l2_regularization=0.001, epsilon=0.1, delta=0.01, alpha=1e-06, samples=0)
leverage_scores: [1.9999999969895847, 1.9999999977165572]
num_columns: 4
num_samples: 1
samples: 0 1 [2927]
samples: 1 1 [6607]
sampled_K: (1, 4)
rescaling_coefficients: (1,)
SK: (1, 4)
Sb: (1,)
KtStSb: (4, 1)
time: 0.047494489999999834
loss: 54395634.33783247
