###################################
2022-05-15 23:55:00.520341
Namespace(ndim=1, rows=8192, cols=16, alg=5, seed=1, l2_regularization=0.001, epsilon=0.1, delta=0.01, alpha=0.01)
leverage_scores: [16.000000005711254]
num_columns: 16
num_samples: 79984
samples: 0 79984 [   0    0    0 ... 8190 8191 8191]
sampled_K: (79984, 16)
rescaling_coefficients: (79984,)
SK: (79984, 16)
Sb: (79984,)
KtStSb: (16, 1)
time: 3.377391575
loss: 0.0005683329846132307
