###################################
2022-05-15 23:32:33.848938
Namespace(ndim=1, rows=512, cols=2, alg=5, seed=2, l2_regularization=0.001, epsilon=0.1, delta=0.01, alpha=0.01)
leverage_scores: [2.000000000281558]
num_columns: 2
num_samples: 6780
samples: 0 6780 [  0   0   0 ... 511 511 511]
sampled_K: (6780, 2)
rescaling_coefficients: (6780,)
SK: (6780, 2)
Sb: (6780,)
KtStSb: (2, 1)
time: 0.008785344999999944
loss: 0.0007358154528770568
