###################################
2022-05-16 00:08:54.902032
Namespace(ndim=1, rows=16384, cols=8, alg=5, seed=4, l2_regularization=0.001, epsilon=0.1, delta=0.01, alpha=0.01)
leverage_scores: [8.000000000125953]
num_columns: 8
num_samples: 35702
samples: 0 35702 [    0     0     2 ... 16383 16383 16383]
sampled_K: (35702, 8)
rescaling_coefficients: (35702,)
SK: (35702, 8)
Sb: (35702,)
KtStSb: (8, 1)
time: 10.242086462000001
loss: 0.002161419792670599
