###################################
2022-05-15 23:42:21.860331
Namespace(ndim=1, rows=2048, cols=8, alg=5, seed=4, l2_regularization=0.001, epsilon=0.1, delta=0.01, alpha=0.01)
leverage_scores: [8.000000004619872]
num_columns: 8
num_samples: 35702
samples: 0 35702 [   0    0    0 ... 2047 2047 2047]
sampled_K: (35702, 8)
rescaling_coefficients: (35702,)
SK: (35702, 8)
Sb: (35702,)
KtStSb: (8, 1)
time: 0.1889018200000001
loss: 0.000382187459684454
