###################################
2022-05-15 23:32:34.399126
Namespace(ndim=1, rows=512, cols=2, alg=5, seed=3, l2_regularization=0.001, epsilon=0.1, delta=0.01, alpha=0.01)
leverage_scores: [2.0000000000390443]
num_columns: 2
num_samples: 6780
samples: 0 6780 [  0   0   0 ... 511 511 511]
sampled_K: (6780, 2)
rescaling_coefficients: (6780,)
SK: (6780, 2)
Sb: (6780,)
KtStSb: (2, 1)
time: 0.008441557999999905
loss: 0.0007706851634390749
