###################################
2022-05-15 23:31:22.774853
Namespace(ndim=1, rows=256, cols=128, alg=5, seed=2, l2_regularization=0.001, epsilon=0.1, delta=0.01, alpha=0.01)
leverage_scores: [128.00000000050886]
num_columns: 128
num_samples: 845802
samples: 0 845802 [  0   0   0 ... 255 255 255]
sampled_K: (845802, 128)
rescaling_coefficients: (845802,)
SK: (845802, 128)
Sb: (845802,)
KtStSb: (128, 1)
time: 19.227783741
loss: 9.644439267126128e-06
