###################################
2022-05-16 00:13:42.788916
Namespace(ndim=1, rows=16384, cols=32, alg=5, seed=0, l2_regularization=0.001, epsilon=0.1, delta=0.01, alpha=0.01)
leverage_scores: [31.99999998665801]
num_columns: 32
num_samples: 177129
samples: 0 177129 [    0     0     0 ... 16383 16383 16383]
sampled_K: (177129, 32)
rescaling_coefficients: (177129,)
SK: (177129, 32)
Sb: (177129,)
KtStSb: (32, 1)
time: 22.70206966
loss: 0.0005424635045581116
