###################################
2022-05-15 23:51:40.987566
Namespace(ndim=1, rows=4096, cols=128, alg=5, seed=2, l2_regularization=0.001, epsilon=0.1, delta=0.01, alpha=0.01)
leverage_scores: [128.0000000220432]
num_columns: 128
num_samples: 845802
samples: 0 845802 [   0    0    0 ... 4095 4095 4095]
sampled_K: (845802, 128)
rescaling_coefficients: (845802,)
SK: (845802, 128)
Sb: (845802,)
KtStSb: (128, 1)
time: 23.461244235000002
loss: 3.950822836137957e-05
