###################################
2022-05-15 23:23:24.284115
Namespace(ndim=1, rows=128, cols=2, alg=5, seed=4, l2_regularization=0.001, epsilon=0.1, delta=0.01, alpha=0.01)
leverage_scores: [1.9999999995193531]
num_columns: 2
num_samples: 6780
samples: 0 6780 [  0   0   0 ... 127 127 127]
sampled_K: (6780, 2)
rescaling_coefficients: (6780,)
SK: (6780, 2)
Sb: (6780,)
KtStSb: (2, 1)
time: 0.003888997000000005
loss: 0.0005571550001399077
