###################################
2022-05-16 00:02:54.642980
Namespace(ndim=1, rows=8192, cols=128, alg=5, seed=3, l2_regularization=0.001, epsilon=0.1, delta=0.01, alpha=0.01)
leverage_scores: [127.99999997963742]
num_columns: 128
num_samples: 845802
samples: 0 845802 [   0    0    0 ... 8191 8191 8191]
sampled_K: (845802, 128)
rescaling_coefficients: (845802,)
SK: (845802, 128)
Sb: (845802,)
KtStSb: (128, 1)
time: 36.303724828
loss: 7.0944371132679e-05
