###################################
2022-05-16 00:04:55.303579
Namespace(ndim=1, rows=16384, cols=2, alg=5, seed=0, l2_regularization=0.001, epsilon=0.1, delta=0.01, alpha=0.01)
leverage_scores: [2.000000003206358]
num_columns: 2
num_samples: 6780
samples: 0 6780 [    2     2     5 ... 16383 16383 16383]
sampled_K: (6780, 2)
rescaling_coefficients: (6780,)
SK: (6780, 2)
Sb: (6780,)
KtStSb: (2, 1)
time: 7.256747003000001
loss: 0.008692468763767763
