###################################
2022-05-15 23:46:52.036974
Namespace(ndim=1, rows=4096, cols=2, alg=5, seed=0, l2_regularization=0.001, epsilon=0.1, delta=0.01, alpha=0.01)
leverage_scores: [1.9999999969981912]
num_columns: 2
num_samples: 6780
samples: 0 6780 [   0    0    1 ... 4095 4095 4095]
sampled_K: (6780, 2)
rescaling_coefficients: (6780,)
SK: (6780, 2)
Sb: (6780,)
KtStSb: (2, 1)
time: 0.355213985
loss: 0.0024791236651125676
