###################################
2022-05-15 23:33:15.341604
Namespace(ndim=1, rows=512, cols=16, alg=5, seed=3, l2_regularization=0.001, epsilon=0.1, delta=0.01, alpha=0.01)
leverage_scores: [15.999999999565432]
num_columns: 16
num_samples: 79984
samples: 0 79984 [  0   0   0 ... 511 511 511]
sampled_K: (79984, 16)
rescaling_coefficients: (79984,)
SK: (79984, 16)
Sb: (79984,)
KtStSb: (16, 1)
time: 0.226330374
loss: 9.299744446727366e-05
