###################################
2022-05-16 23:47:33.776870
Namespace(ndim=2, rows=256, cols=2, alg=5, seed=2, l2_regularization=0.001, epsilon=0.1, delta=0.01, alpha=1e-06, samples=0)
leverage_scores: [2.000000000693121, 1.9999999999557376]
num_columns: 4
num_samples: 1
samples: 0 1 [189]
samples: 1 1 [205]
sampled_K: (1, 4)
rescaling_coefficients: (1,)
SK: (1, 4)
Sb: (1,)
KtStSb: (4, 1)
time: 0.010660300999999928
loss: 40961.634639569915
