###################################
2022-05-15 23:37:51.831761
Namespace(ndim=1, rows=1024, cols=16, alg=5, seed=2, l2_regularization=0.001, epsilon=0.1, delta=0.01, alpha=0.01)
leverage_scores: [15.999999996659383]
num_columns: 16
num_samples: 79984
samples: 0 79984 [   0    0    0 ... 1023 1023 1023]
sampled_K: (79984, 16)
rescaling_coefficients: (79984,)
SK: (79984, 16)
Sb: (79984,)
KtStSb: (16, 1)
time: 0.276215589
loss: 0.00012597990125090243
