###################################
2022-05-15 23:35:57.869077
Namespace(ndim=1, rows=512, cols=128, alg=5, seed=2, l2_regularization=0.001, epsilon=0.1, delta=0.01, alpha=0.01)
leverage_scores: [128.00000000952372]
num_columns: 128
num_samples: 845802
samples: 0 845802 [  0   0   0 ... 511 511 511]
sampled_K: (845802, 128)
rescaling_coefficients: (845802,)
SK: (845802, 128)
Sb: (845802,)
KtStSb: (128, 1)
time: 19.381400697
loss: 1.159224377184838e-05
