###################################
2022-05-15 23:53:48.501903
Namespace(ndim=1, rows=8192, cols=4, alg=5, seed=3, l2_regularization=0.001, epsilon=0.1, delta=0.01, alpha=0.01)
leverage_scores: [4.0000000072571735]
num_columns: 4
num_samples: 15706
samples: 0 15706 [   0    0    0 ... 8187 8188 8190]
sampled_K: (15706, 4)
rescaling_coefficients: (15706,)
SK: (15706, 4)
Sb: (15706,)
KtStSb: (4, 1)
time: 1.8101458000000001
loss: 0.002255942723511742
