###################################
2022-05-16 23:47:28.411947
Namespace(ndim=2, rows=128, cols=2, alg=5, seed=2, l2_regularization=0.001, epsilon=0.1, delta=0.01, alpha=1e-06, samples=0)
leverage_scores: [2.000000000145565, 2.0000000004985905]
num_columns: 4
num_samples: 1
samples: 0 1 [66]
samples: 1 1 [107]
sampled_K: (1, 4)
rescaling_coefficients: (1,)
SK: (1, 4)
Sb: (1,)
KtStSb: (4, 1)
time: 0.009866370000000124
loss: 395444964943.57227
