###################################
2022-05-16 00:21:53.261341
Namespace(ndim=1, rows=16384, cols=64, alg=5, seed=4, l2_regularization=0.001, epsilon=0.1, delta=0.01, alpha=0.01)
leverage_scores: [64.00000001553731]
num_columns: 64
num_samples: 388580
samples: 0 388580 [    0     0     0 ... 16383 16383 16383]
sampled_K: (388580, 64)
rescaling_coefficients: (388580,)
SK: (388580, 64)
Sb: (388580,)
KtStSb: (64, 1)
time: 41.653901686999994
loss: 0.0002696706688830453
