###################################
2022-05-15 23:53:13.906669
Namespace(ndim=1, rows=8192, cols=2, alg=5, seed=1, l2_regularization=0.001, epsilon=0.1, delta=0.01, alpha=0.01)
leverage_scores: [2.000000000945282]
num_columns: 2
num_samples: 6780
samples: 0 6780 [   0    1    2 ... 8190 8190 8190]
sampled_K: (6780, 2)
rescaling_coefficients: (6780,)
SK: (6780, 2)
Sb: (6780,)
KtStSb: (2, 1)
time: 1.536126382
loss: 0.004492874906980092
