###################################
2022-05-15 23:24:22.865770
Namespace(ndim=1, rows=128, cols=32, alg=5, seed=3, l2_regularization=0.001, epsilon=0.1, delta=0.01, alpha=0.01)
leverage_scores: [31.99999999757459]
num_columns: 32
num_samples: 177129
samples: 0 177129 [  0   0   0 ... 127 127 127]
sampled_K: (177129, 32)
rescaling_coefficients: (177129,)
SK: (177129, 32)
Sb: (177129,)
KtStSb: (32, 1)
time: 0.9475188330000002
loss: 3.4934475765765924e-05
