###################################
2022-05-15 23:38:36.462146
Namespace(ndim=1, rows=1024, cols=64, alg=5, seed=1, l2_regularization=0.001, epsilon=0.1, delta=0.01, alpha=0.01)
leverage_scores: [64.00000000179682]
num_columns: 64
num_samples: 388580
samples: 0 388580 [   0    0    0 ... 1023 1023 1023]
sampled_K: (388580, 64)
rescaling_coefficients: (388580,)
SK: (388580, 64)
Sb: (388580,)
KtStSb: (64, 1)
time: 4.2840315669999995
loss: 3.159747976238496e-05
