###################################
2022-05-16 23:23:32.613875
Namespace(ndim=2, rows=1024, cols=2, alg=5, seed=0, l2_regularization=0.001, epsilon=0.1, delta=0.01, alpha=1e-06, samples=0)
leverage_scores: [1.999999998731155, 2.0000000014387047]
num_columns: 4
num_samples: 1
samples: 0 1 [109]
samples: 1 1 [149]
sampled_K: (1, 4)
rescaling_coefficients: (1,)
SK: (1, 4)
Sb: (1,)
KtStSb: (4, 1)
time: 0.014272800999999946
loss: 4.160017394325735e+45
