###################################
2022-05-15 23:33:01.155786
Namespace(ndim=1, rows=512, cols=8, alg=5, seed=3, l2_regularization=0.001, epsilon=0.1, delta=0.01, alpha=0.01)
leverage_scores: [7.9999999984275725]
num_columns: 8
num_samples: 35702
samples: 0 35702 [  0   0   0 ... 511 511 511]
sampled_K: (35702, 8)
rescaling_coefficients: (35702,)
SK: (35702, 8)
Sb: (35702,)
KtStSb: (8, 1)
time: 0.05538758300000013
loss: 0.00018249439475520997
