###################################
2022-05-15 23:47:29.680982
Namespace(ndim=1, rows=4096, cols=8, alg=5, seed=2, l2_regularization=0.001, epsilon=0.1, delta=0.01, alpha=0.01)
leverage_scores: [8.000000001655925]
num_columns: 8
num_samples: 35702
samples: 0 35702 [   0    0    0 ... 4095 4095 4095]
sampled_K: (35702, 8)
rescaling_coefficients: (35702,)
SK: (35702, 8)
Sb: (35702,)
KtStSb: (8, 1)
time: 0.607910795
loss: 0.0006249933946779892
