###################################
2022-05-16 23:24:02.537245
Namespace(ndim=2, rows=2048, cols=8, alg=5, seed=0, l2_regularization=0.001, epsilon=0.1, delta=0.01, alpha=1e-06, samples=0)
leverage_scores: [7.999999999409833, 8.000000001737641]
num_columns: 64
num_samples: 38
samples: 0 38 [  23  131  235  337  433  565  599  754  814  842  843  847  867  918
  933  981 1000 1031 1134 1225 1272 1331 1440 1488 1488 1505 1531 1559
 1600 1608 1620 1671 1711 1834 1837 1878 1931 1956]
samples: 1 38 [  72  110  119  140  195  236  510  568  738  781  833  855  935  957
  999 1014 1030 1046 1171 1183 1318 1386 1488 1508 1666 1709 1724 1733
 1760 1771 1795 1882 1949 1974 2009 2014 2015 2035]
sampled_K: (38, 64)
rescaling_coefficients: (38,)
SK: (38, 64)
Sb: (38,)
KtStSb: (64, 1)
time: 0.020069895000000004
loss: 1.7634935262687002
