###################################
2022-05-15 23:42:38.339061
Namespace(ndim=1, rows=2048, cols=16, alg=5, seed=4, l2_regularization=0.001, epsilon=0.1, delta=0.01, alpha=0.01)
leverage_scores: [16.000000002597137]
num_columns: 16
num_samples: 79984
samples: 0 79984 [   0    0    0 ... 2047 2047 2047]
sampled_K: (79984, 16)
rescaling_coefficients: (79984,)
SK: (79984, 16)
Sb: (79984,)
KtStSb: (16, 1)
time: 0.429059426
loss: 0.00018630953843386
