###################################
2022-05-15 23:48:18.627358
Namespace(ndim=1, rows=4096, cols=32, alg=5, seed=2, l2_regularization=0.001, epsilon=0.1, delta=0.01, alpha=0.01)
leverage_scores: [32.00000001419301]
num_columns: 32
num_samples: 177129
samples: 0 177129 [   0    0    0 ... 4095 4095 4095]
sampled_K: (177129, 32)
rescaling_coefficients: (177129,)
SK: (177129, 32)
Sb: (177129,)
KtStSb: (32, 1)
time: 2.174465804
loss: 0.00015343181022539553
