###################################
2022-05-15 23:29:27.264923
Namespace(ndim=1, rows=256, cols=64, alg=5, seed=2, l2_regularization=0.001, epsilon=0.1, delta=0.01, alpha=0.01)
leverage_scores: [64.00000000284052]
num_columns: 64
num_samples: 388580
samples: 0 388580 [  0   0   0 ... 255 255 255]
sampled_K: (388580, 64)
rescaling_coefficients: (388580,)
SK: (388580, 64)
Sb: (388580,)
KtStSb: (64, 1)
time: 4.059815362
loss: 1.977661197903174e-05
